5.717345583892949890e+00
5.842237283406285009e+00
3.094401430480079984e+00
5.500868288952811547e+00
2.562090156106825223e+00
4.484204029076503062e+00
3.940804614178205600e+00
4.539558498247773244e+00
4.353212581962415229e+00
1.547946680317501933e+00
4.895165771229475382e+00
2.722398146150450504e+00
2.941735455413921230e+00
6.727490738351669108e+00
5.291623281012390656e+00
4.526023342651880554e+00
4.413989023768897901e+00
2.455693849034605414e+00
2.331575647463394407e+00
2.352602579657913306e+00
3.655466449813115748e+00
4.081443738065594573e+00
5.534587674267760882e+00
3.070546597161354807e+00
4.846394618749831906e+00
3.857970281977535443e+00
5.480290139674788286e+00
4.489550272750006954e+00
2.511804656717727902e+00
5.626963882542012740e+00
3.096631665392960642e+00
4.141184987217579661e+00
5.296522068238054715e+00
3.476753046521933399e+00
4.016384422322232695e+00
2.529333939615879157e+00
5.894582243674399535e+00
4.735096432367372543e+00
6.163071045335815512e+00
3.266601086186359915e+00
3.759635554125747348e+00
3.536108335346778375e+00
3.955436637705154190e+00
4.447707557211345808e+00
6.667398961313679706e+00
3.514832824593879135e+00
4.865332779061183999e+00
5.187597068377659326e+00
6.851445015809269456e+00
5.056387421857495568e+00
3.763349029907560706e+00
4.988585387884546307e+00
3.324658434281122954e+00
6.175828241884503633e+00
5.511369052341353658e+00
3.180888034593712721e+00
4.004939756333432577e+00
6.439289091535853160e+00
5.696787228419532667e+00
5.098538641013473871e+00
4.479448722889774359e+00
6.071999288661137584e+00
5.174889198794666356e+00
4.963031226062941670e+00
6.676054975546804826e+00
3.085877461875182082e+00
5.437970590202995780e+00
3.270260974399953113e+00
4.874929261892782861e+00
3.640601547239349145e+00
4.420386936999489258e+00
4.910126269587372860e+00
3.622820404421189355e+00
3.269274475825846960e+00
3.596991776608307934e+00
5.298053259143487459e+00
6.240705009194456032e+00
5.719840231120567609e+00
3.859654534910329282e+00
3.478701081841637510e+00
4.330321723178500726e+00
3.116643026824617912e+00
5.760234184383751455e+00
5.176343517153401130e+00
5.115896305954768408e+00
5.934066018030565992e+00
4.915159764721196645e+00
3.702633471378290242e+00
3.137534535796259849e+00
3.980853287195037726e+00
5.257617563873583144e+00
2.491196015890601689e+00
3.927828865407983816e+00
3.208724712082076991e+00
4.238335984686973923e+00
5.018093210407673865e+00
4.528853896972447224e+00
5.138955211509911081e+00
3.487365233514957641e+00
3.642830539524656519e+00
5.700909654535404769e+00
5.096006384281374757e+00
6.284010772402846001e+00
3.922453962278007022e+00
3.201495685431108740e+00
5.566338481210660660e+00
4.818330381668999962e+00
2.215309832988368033e+00
3.645536923337412194e+00
1.614528058744031824e+00
3.914714356123084826e+00
4.954182683551618283e+00
2.641092561585225873e+00
2.930531977311978675e+00
5.821152803879074966e+00
3.217122345631653779e+00
1.764024359968944022e+00
2.449024743582516983e+00
2.312974555715078928e+00
4.529976444648307066e+00
2.552725455986479375e+00
3.017583505782449382e+00
5.077693133153459826e+00
5.267290809017888265e+00
5.767961921364969768e+00
4.493144364626750153e+00
4.667340272317884953e+00
6.610407394491042865e+00
4.725443770198577198e+00
4.460018442022240848e+00
3.249005963268249531e+00
1.871835460928758632e+00
2.860858661854547513e+00
2.307030171245848305e+00
1.885573416400117441e+00
2.398382414175914690e+00
2.372252184551615795e+00
2.091328410041078278e+00
4.826663779224920070e+00
4.496012886761958427e+00
2.284504030860384560e+00
2.472759393672160133e+00
1.798018177523942995e+00
3.131253317491808019e+00
3.462228599560460918e+00
2.334655136920130492e+00
4.817218254418554224e+00
3.037936946454647291e+00
2.473100328756511423e+00
3.019474891597971666e+00
2.446034682932869853e+00
2.659835996524253066e+00
3.105404278500325965e+00
1.479464461152629084e+00
1.974645482794333606e+00
2.940981962643938630e+00
2.298654917571353540e+00
1.731604867512382739e+00
3.270886294149931484e+00
3.102762594249510286e+00
1.928106851993399928e+00
1.906142793984357375e+00
1.274146209079343617e+00
2.443375111843652636e+00
2.424965174726910533e+00
1.539896499444727507e+00
1.596310583706270325e+00
2.224636438863906829e+00
2.076688706507503035e+00
2.213843594981052654e+00
1.277642206245299672e+00
1.533864074066199734e+00
2.663150256080376810e+00
1.318772704643557780e+00
1.585849391851972712e+00
1.639960623496031111e+00
1.976255119704883878e+00
1.778285057645728973e+00
1.500128329724482512e+00
1.722521727260761804e+00
1.456363095629255255e+00
1.839654259374037260e+00
1.452379841806918037e+00
1.285175804411595291e+00
1.474244888692458400e+00
1.279910131174165411e+00
1.972851036451669149e+00
1.365420986344684895e+00
1.303299123842990959e+00
1.692200632167210728e+00
1.328090997208210666e+00
1.633815442654122041e+00
1.476609768105114018e+00
1.318346071512825901e+00
1.312411050119691502e+00
1.836664607979828556e+00
1.260044066781340177e+00
1.343202843334151186e+00
1.551936496378571118e+00
1.378115366335619818e+00
1.280838945666597617e+00
1.390076164699326711e+00
1.356723063498586956e+00
1.250894354408679909e+00
1.252033349847955002e+00
1.395776308543589916e+00
1.251018617647494668e+00
1.468968007464327208e+00
1.271877074319184064e+00
2.241438083506080758e+00
1.275837817326711754e+00
1.250876674859777271e+00
1.361673970409706058e+00
1.268851314402890118e+00
1.302724507465279569e+00
1.301516093749213621e+00
1.289216660984976226e+00
1.375549578593203481e+00
1.604355641483011574e+00
1.724565305551382988e+00
1.376231642395452592e+00
1.464001081145489547e+00
1.349034809390596834e+00
1.405068352192569314e+00
1.252172747072528569e+00
1.481829146006731879e+00
1.403544975596068944e+00
1.832656939600495249e+00
1.496352043315321012e+00
1.408743565588374214e+00
1.251093683318129202e+00
1.297513979778860183e+00
1.324666586255653922e+00
1.257898210763502611e+00
1.504861793729064701e+00
2.114774092898487723e+00
1.267123002423649059e+00
1.314854238921469687e+00
1.787726644875931470e+00
1.598130009623345948e+00
1.280827911452017354e+00
2.050104980044025638e+00
2.047336589846712851e+00
1.328344546391178937e+00
1.598025886628509085e+00
1.449470141888783203e+00
1.613242611767130796e+00
1.251065995775337836e+00
1.252579703717857651e+00
2.563672894166703742e+00
1.614519811449029341e+00
1.449625255168036642e+00
2.270577467855962706e+00
1.340312100136045625e+00
2.740465066517540293e+00
1.993622090667656721e+00
2.110075115617644936e+00
1.419904468057339830e+00
2.649518718332716016e+00
1.356046723757453165e+00
1.572314630958719484e+00
2.062453698531425683e+00
1.497940030010070256e+00
1.944045448236405793e+00
2.374613845112604871e+00
2.470292435950060206e+00
1.765845476346071141e+00
2.012420289873298795e+00
3.091270029649624274e+00
3.479490178417270041e+00
2.242649207669827671e+00
2.633366051093462001e+00
2.411606969370685860e+00
3.238418473454369284e+00
4.294257599001482184e+00
1.947397700930276976e+00
2.389241866448925666e+00
3.142050873989906457e+00
2.730064991077451264e+00
1.970043197561876624e+00
3.338347819889130985e+00
2.424538867513344353e+00
3.265280623125260018e+00
3.597774183138385151e+00
3.928281650810929726e+00
2.157509228979620719e+00
1.989110850658907914e+00
2.738411967862715901e+00
3.639595597146318529e+00
4.209992635156400098e+00
4.174339853551582102e+00
2.245859141186767882e+00
3.934870343057599307e+00
2.848091697908946340e+00
2.368263246331064664e+00
2.388861807121928305e+00
2.097184894486270323e+00
4.169364007921289250e+00
2.842532130052286554e+00
3.381819604768465659e+00
3.735465776727783460e+00
3.358059259375127947e+00
3.710157457059687580e+00
2.675691897462653124e+00
4.359153482987579764e+00
3.354811289118281969e+00
2.763491936231335266e+00
5.279910994544351865e+00
6.250908789078788885e+00
3.435084325430473040e+00
2.298400887541488302e+00
1.662803691529501915e+00
3.469587256043928924e+00
5.873769599188474189e+00
5.026912672562051654e+00
2.704548747732266278e+00
2.992035608017567405e+00
5.436328954841884276e+00
4.221177067163120356e+00
5.794614344356629587e+00
3.894115690359063464e+00
2.143255083902246394e+00
3.110137420293384913e+00
3.389677649806495996e+00
1.532839272648830686e+00
4.897263378885533314e+00
3.487733263485621293e+00
4.130417320429845773e+00
4.453065680191104825e+00
2.989893712279142690e+00
5.356066029880317103e+00
3.172802101774246264e+00
4.281726531530765101e+00
3.602061102335617271e+00
4.130608871568132834e+00
5.724166181780104168e+00
2.787144227153016907e+00
3.333927374691570300e+00
5.824167667832227835e+00
4.054629020670686756e+00
4.036622885752493062e+00
4.580454765249593052e+00
5.083534464460333524e+00
5.419294971591336108e+00
4.480329227319927554e+00
4.485344882508968567e+00
4.399703443371244305e+00
7.261114018208420617e+00
3.761689516432577651e+00
5.144905579143353336e+00
4.806070326612170263e+00
4.549712514559677956e+00
5.943979847788924964e+00
3.086863799075199477e+00
4.038249127076747769e+00
5.054937357558490163e+00
4.399685895722811324e+00
6.491783744637412923e+00
4.851704641330346846e+00
6.533787197006712510e+00
4.475692371899688382e+00
4.277171027189458741e+00
4.331883995355860328e+00
5.560622396560091829e+00
5.482756051079746840e+00
3.728086559852826998e+00
4.105061568829482255e+00
4.874475832904350270e+00
5.685512789333168726e+00
4.080194146386669551e+00
4.503967632420614819e+00
6.036183701255664502e+00
4.242310313450209591e+00
5.456559521136176372e+00
5.014825069463561213e+00
4.871856401558982697e+00
4.086513719782363552e+00
5.268886781608198788e+00
5.058629972536478725e+00
4.321391617857740286e+00
5.013632664925282256e+00
3.254747805027756957e+00
4.824648562899573001e+00
3.966077692870215721e+00
3.551422374503709456e+00
5.949949076591177999e+00
4.257882467500028412e+00
3.368418520057406607e+00
3.574658454221576243e+00
4.726710487020717721e+00
4.573502779584639022e+00
2.870639372917798138e+00
4.340426516466745710e+00
5.187805687054162007e+00
4.332245927701529276e+00
4.478451641069598921e+00
4.664611170374937998e+00
3.849312819490715132e+00
3.785710366010445860e+00
4.337514183622683817e+00
5.095949828075126753e+00
3.789574102164401381e+00
4.206243919090659311e+00
3.936723403509111208e+00
3.585109658246385056e+00
3.533449262764772669e+00
3.512078467592539166e+00
4.716771232391898216e+00
3.392014122219258354e+00
4.526450042676964713e+00
4.549069047582104730e+00
3.958501421387294439e+00
5.136942385351304097e+00
4.195826834058633104e+00
3.138703346276793482e+00
3.940675751711872898e+00
3.450186936211813826e+00
4.867225057678799871e+00
4.053139798485292822e+00
3.547406707209597165e+00
5.639750282505588075e+00
5.548362335978122672e+00
4.226113662939112281e+00
3.300838471275080455e+00
3.061649708730267871e+00
4.473752532618684441e+00
2.798532009323130065e+00
3.043188617016342690e+00
3.052747753977558709e+00
3.504605026560028147e+00
2.234480358932766197e+00
3.516957744732455815e+00
3.100607259000060179e+00
3.814910424544764478e+00
4.772514014373326674e+00
4.608958988017343827e+00
3.512478325084896547e+00
3.405163879272023131e+00
2.516735166257778822e+00
3.617265027582360126e+00
2.483763366514645909e+00
2.206438053028528135e+00
3.542728638447596445e+00
3.111182655059319568e+00
2.536993941819512433e+00
3.400809038275913299e+00
2.534572964969218578e+00
2.707215445344472116e+00
3.189650962147660085e+00
2.177551558884669447e+00
2.372330860748015802e+00
2.447190842706705727e+00
3.192996448265316367e+00
1.963677960823962287e+00
3.087981235824413417e+00
3.517185502898792393e+00
2.217795559415403961e+00
3.191476975324603060e+00
3.774809563977180371e+00
2.373373972375918406e+00
3.948025974553388551e+00
3.118233077241800100e+00
2.532977885247225558e+00
2.484649887937576462e+00
1.811287465380287287e+00
2.977281448150866705e+00
1.638506816420387313e+00
2.327812980952124633e+00
2.994830975405579743e+00
2.425480136305663947e+00
1.866769398878745712e+00
2.177842931975499052e+00
2.231394431416328761e+00
1.693468620972311989e+00
2.920706702352807937e+00
1.485702505537728424e+00
1.629118307488492068e+00
2.025128990027718512e+00
1.703623258702914089e+00
1.739052396958840951e+00
2.302986763839876438e+00
2.079121772068304175e+00
3.139648958587400340e+00
1.330328274342841510e+00
1.531785178165333772e+00
1.919606880011635042e+00
1.618505721344163373e+00
1.616912972585967445e+00
2.389810922785585046e+00
1.525664229476125122e+00
1.294374800426276284e+00
1.719874224756685610e+00
1.319156000644179816e+00
1.647706783271960962e+00
1.615167653217539634e+00
1.533710176074216225e+00
1.920594058385540315e+00
1.689618624603014041e+00
1.357545648713968323e+00
1.692388039556499191e+00
1.643653050339893174e+00
1.482786351874839870e+00
1.421832787915916718e+00
1.394067103693911402e+00
1.341727965856562399e+00
1.354716716555111056e+00
1.424271146686556744e+00
1.490263595872852065e+00
1.422050726062030535e+00
1.270832638085268584e+00
1.519485761973747628e+00
1.280426044213464731e+00
1.558010004095788048e+00
1.252870632432177889e+00
1.292106751613008253e+00
1.492033187600591226e+00
1.252264355223875913e+00
1.290237572045827008e+00
1.278380246774805329e+00
1.259838363375733294e+00
1.352607075994848529e+00
1.337962456358532837e+00
1.354109040614500881e+00
1.382526503491916525e+00
1.271915467052669335e+00
1.278217317908044048e+00
1.370650366496484196e+00
1.307700356459211122e+00
1.607887330451085894e+00
1.351911849834469770e+00
1.255022801853821868e+00
1.297733916903329288e+00
2.035507968153888569e+00
1.332995614445030785e+00
1.567500325840069930e+00
1.283995873137784738e+00
1.298248992985479244e+00
2.014394240304859807e+00
1.264683322308640001e+00
1.975436522143943829e+00
2.279504745275074296e+00
1.697008893832423038e+00
1.453234907350199112e+00
1.715552512741210123e+00
1.271352506267311888e+00
1.438610792346596057e+00
1.910752871549295406e+00
1.566531926445193346e+00
1.421955660616829764e+00
1.285110947916023427e+00
1.269697135761882478e+00
1.262768729838161352e+00
1.553239479293212266e+00
1.589376468495323547e+00
2.660785177025650761e+00
1.404886848272197231e+00
1.747272697251058382e+00
1.308268007027847624e+00
1.776606020559670984e+00
2.254806268731825547e+00
2.174597029566218254e+00
1.931755315383236749e+00
1.819070160004787162e+00
1.318700650789577100e+00
1.736439838159206328e+00
2.082001261994486097e+00
1.667412183114301172e+00
1.852644224486418967e+00
1.852815089333844423e+00
1.619227555492395165e+00
2.151858071918023363e+00
2.511108764313097819e+00
1.437415583500871286e+00
1.592740294635938803e+00
2.289416337972110860e+00
1.546437675885004914e+00
1.821052952752563847e+00
1.787134765907093747e+00
1.601976335550557184e+00
2.414217479924471110e+00
2.177996930802089004e+00
2.501515514770105586e+00
2.070308349104058809e+00
2.707905829433782330e+00
1.551379260767895119e+00
1.706850989129451435e+00
2.479656502997348078e+00
2.019716072518841443e+00
1.945868310268719092e+00
2.491769190151759794e+00
2.435488888994075563e+00
3.361907851938682246e+00
2.188232835497548656e+00
1.757362943126759447e+00
2.454183142791674488e+00
3.129849141861203776e+00
2.305585599418939147e+00
3.026890142348348522e+00
1.494996324968138612e+00
2.351095789807652103e+00
2.689515172909174190e+00
2.064700298246024968e+00
1.907214262545910977e+00
3.308466997054887671e+00
4.141002290718469148e+00
3.640687013947654815e+00
4.282309664827283591e+00
2.266128934431660635e+00
2.654772608583142013e+00
2.518804984856602314e+00
3.152067154191591225e+00
1.869930599708981234e+00
2.443077736724738713e+00
3.741864545896556038e+00
2.474279140347294792e+00
3.961298967449783159e+00
3.045807566746540740e+00
2.177679193991505002e+00
3.141751692822408515e+00
3.594730855569942207e+00
3.229121513159538548e+00
4.854536048835917939e+00
3.763778951234639791e+00
3.022382224345754764e+00
5.127356250202668164e+00
3.875149320844028189e+00
4.573163624023569795e+00
3.852646682981824888e+00
3.743000094172430181e+00
4.600552924709422342e+00
2.884282226443651176e+00
4.399933855749997846e+00
3.047404091777023538e+00
2.744406717222257708e+00
4.378592469434727796e+00
3.024251915859560658e+00
4.657819677632685895e+00
3.796440810547137890e+00
4.276467170757640268e+00
4.174598249562525787e+00
5.334825998614342701e+00
3.975577539906138380e+00
4.544549134555194492e+00
5.506919953114356225e+00
3.373347003036066383e+00
4.082486169671033949e+00
3.481786574452501615e+00
4.740705753104943909e+00
4.956328877588362047e+00
5.886337693032993812e+00
5.158177610190506357e+00
5.687800216058401581e+00
3.478952735466490864e+00
3.954643636150763975e+00
4.769398305972185170e+00
4.363559514771230496e+00
5.516412832074960804e+00
3.958366819263968939e+00
4.713764116186139219e+00
4.971942906058282929e+00
4.979704944856768734e+00
5.193679786340265281e+00
4.901863288240786432e+00
4.725592021111044261e+00
4.218754955559457898e+00
5.113074330288237768e+00
4.942311129693912619e+00
4.042013250668005320e+00
3.729380883152933368e+00
4.136595214504762197e+00
3.728116307484139025e+00
3.615852343498379806e+00
3.684341718462614157e+00
3.028944029229481583e+00
5.222328842164175811e+00
5.246926515826240589e+00
4.345490313412868844e+00
2.967436209422396942e+00
5.469287536663285820e+00
4.954741959045240840e+00
4.821948415355329587e+00
4.628774249024102616e+00
4.399671779822025286e+00
3.657761432058191708e+00
4.246161083830268801e+00
3.768612665810723961e+00
4.308295577300098600e+00
6.076193572116217467e+00
6.394235768869344305e+00
4.873765480492915358e+00
3.324116775924502498e+00
3.539184383075608675e+00
4.538844690262791914e+00
3.290094599981759238e+00
4.474136539418219982e+00
5.177009637151414267e+00
5.509850866496641686e+00
4.900546493067247766e+00
3.875413985653666238e+00
3.376884136394754155e+00
3.728205090438052594e+00
4.644179385651574066e+00
5.664568262592700520e+00
4.069536019716785802e+00
5.627834735878812999e+00
3.818894395839985911e+00
5.396170244938062410e+00
4.609012803662105640e+00
4.485544074207036047e+00
4.284748016091711520e+00
2.679629871332334101e+00
4.291770421862200813e+00
5.975941429503503599e+00
3.443759526475506760e+00
4.477810807755346900e+00
4.275589889245878794e+00
4.316211358338896353e+00
3.468950854403148654e+00
6.167911497916540142e+00
3.555821102184962168e+00
4.558999850749427374e+00
3.034859979005506858e+00
4.661240820590704104e+00
3.395033000274609414e+00
3.527647153683076020e+00
4.527576985195169712e+00
2.480880587016788485e+00
3.185743214034920445e+00
3.756415455569411588e+00
4.619269939971287542e+00
3.560855303743156064e+00
5.603349207583251612e+00
3.013504525860192462e+00
3.485905593849696782e+00
4.425451632954379377e+00
4.651069306571251616e+00
4.744366155006717989e+00
4.416647731402872701e+00
3.599623720452549858e+00
4.946628932378722254e+00
3.235086431998904111e+00
3.779544525520154963e+00
4.367668991475325058e+00
4.437269727358257754e+00
4.089236980933975474e+00
2.897297275396457206e+00
3.326120363845658900e+00
5.090558214661629499e+00
2.801816787735725178e+00
3.418843070249215632e+00
2.384760185029579205e+00
2.218583579768349079e+00
3.187529641548627612e+00
3.529237801475788139e+00
3.407084009365610289e+00
2.985701512954272108e+00
2.094866866691932117e+00
3.902015957183558648e+00
2.980776776892905655e+00
3.175240593904622877e+00
2.638453688028860267e+00
4.045905690050265235e+00
4.399470317061686231e+00
2.253514303696195320e+00
1.937045032131759381e+00
3.056261222179163628e+00
2.610068945940440699e+00
2.322226658718911541e+00
3.694398801807844634e+00
3.231967471056127028e+00
2.037759604292316062e+00
1.997796999557269082e+00
2.041339716456543663e+00
1.640685607077315034e+00
2.782289751313194337e+00
2.395952873447393383e+00
2.385311675838833079e+00
2.234960924185922071e+00
3.570739454007029856e+00
3.927086054622883182e+00
2.674632733002460849e+00
1.600966402043233039e+00
2.399214508998427586e+00
1.802016105995725148e+00
1.966796798257980594e+00
2.833528832482333559e+00
2.554050053420575672e+00
2.242552683701182215e+00
2.261074800940608309e+00
2.778424280342382424e+00
2.101453585303939775e+00
1.977272738176736322e+00
2.341485295101351394e+00
2.831462912153470235e+00
2.043234593932902410e+00
1.520967903384298214e+00
1.507808740648825641e+00
1.631650153952095561e+00
2.149923974862369747e+00
1.798467177534778916e+00
2.210728400515126424e+00
