3.821981363716856706e+00
3.934328742277342972e+00
3.358215204457790648e+00
3.697209912279327160e+00
2.878443078731864890e+00
3.236439150533945153e+00
3.130756385322234436e+00
3.278429893107751791e+00
3.240018740886711601e+00
2.675452730229991527e+00
3.445186513365189107e+00
2.930242078377073955e+00
3.064823075313577672e+00
4.903561075730459962e+00
3.696792178749146007e+00
3.381469474211151738e+00
3.363775262729856941e+00
2.811678142200650488e+00
2.790324846702731065e+00
2.799496999934943275e+00
3.540172413944330021e+00
3.358124222002208725e+00
3.960030874274095947e+00
3.044011300324218627e+00
3.615540507544728221e+00
3.372317577587566895e+00
3.978933902795115163e+00
3.538350861201751574e+00
2.874838474229569840e+00
4.122749456345932373e+00
3.021189769228606270e+00
3.742364571607887491e+00
3.950856811060033724e+00
3.184734128170270129e+00
3.525695604967513219e+00
2.926411766817937021e+00
4.431270956172668640e+00
3.761495753309284762e+00
4.691722356997828136e+00
3.064936594087312560e+00
3.561137617612260442e+00
3.155289042917136744e+00
3.364554487861216803e+00
3.719054178006465872e+00
5.320310126131590600e+00
3.103185675491888507e+00
4.065005522470412025e+00
4.115573087739221592e+00
5.638643732353251892e+00
4.063652544330960126e+00
3.576691046781253380e+00
4.078435001350722011e+00
2.999880419413718524e+00
5.092187762354097202e+00
4.495225625914203604e+00
2.961745472829397929e+00
3.211568868086962958e+00
5.485696644982846593e+00
4.647193961753031566e+00
4.011859460379380238e+00
3.458424201073333037e+00
5.226354904432514381e+00
4.389018950401897712e+00
4.236500229131229922e+00
5.548322241069371330e+00
2.908688980930521861e+00
4.199923643215091040e+00
3.484109303182532535e+00
4.265261692262342308e+00
3.582512213823272784e+00
3.961559246335678797e+00
4.361926718231115885e+00
3.584841034144213179e+00
3.484331790089812309e+00
3.582916620266997310e+00
3.880414756245485375e+00
4.802219518984877311e+00
4.245679843009304122e+00
3.723750124723236521e+00
3.557749663638859250e+00
4.070629171435120597e+00
3.446463010946711147e+00
4.173647091457628910e+00
3.615747096535283145e+00
3.546875391861401550e+00
5.904979467623716616e+00
4.814712639535075667e+00
3.739258190453620401e+00
3.462491484014762033e+00
2.871398151793588038e+00
3.539762892666796557e+00
3.273903381088704823e+00
4.023129811567471847e+00
3.521011279210953138e+00
2.876500695639218286e+00
3.257757186794841608e+00
2.957829829608585204e+00
3.306388743833735155e+00
3.798990172235538587e+00
3.970309027664649104e+00
6.354688446699352511e+00
3.199059462912531071e+00
4.255163473767878735e+00
4.422182419224865768e+00
3.696782908756630626e+00
3.507934055840831622e+00
2.935557710478202242e+00
3.097320088772144597e+00
4.304408207682094201e+00
2.900055383271231690e+00
2.558871076778407971e+00
2.936191525248498468e+00
3.369947918448349178e+00
3.675789106762188396e+00
3.590473717624766525e+00
4.088759481699456799e+00
2.866122631343294369e+00
3.295092228760314157e+00
3.190147170159473244e+00
2.564987718154874141e+00
3.511886894694655314e+00
4.092279416708119122e+00
2.865238924072579074e+00
3.047047384329709896e+00
3.561428687929973247e+00
2.548473139316479230e+00
2.669395292602513514e+00
4.611596078430147294e+00
2.761631674558251426e+00
2.594494078774818302e+00
2.168911524526789147e+00
2.673370757631678529e+00
3.742060746085545730e+00
3.025998161467151171e+00
2.616720807565402929e+00
3.096456222046587214e+00
3.047212703244499998e+00
2.724260306373045282e+00
3.286290642284082963e+00
2.987326633053603242e+00
2.871001656169350991e+00
1.909607073791717902e+00
2.367835234508191444e+00
2.026067100091170747e+00
2.236058163927314713e+00
2.841048868688559104e+00
3.743014092912514634e+00
2.007482701875025644e+00
2.976548735033117676e+00
2.020594232587087369e+00
1.746622016936217214e+00
3.207156631536813407e+00
2.153481187330858138e+00
1.875011337433233560e+00
1.582921021995460809e+00
2.086192543429812307e+00
2.642137003479007262e+00
1.943083119535388370e+00
2.553253130977054308e+00
2.392093463349599158e+00
2.102506845013442316e+00
2.062148887309571244e+00
1.474311515196401690e+00
2.859930944139275510e+00
1.779798892709010927e+00
1.584033916066240888e+00
1.240917270041280496e+00
1.621545249350800244e+00
2.291938802137313047e+00
1.636928786301915739e+00
1.214430890481997372e+00
1.106342629005471867e+00
3.347166429716804004e+00
1.159756706657542047e+00
1.070987818588210905e+00
1.560881473016488608e+00
1.455381360067057539e+00
1.222078723165306080e+00
1.295303890406113378e+00
1.717285360411249018e+00
8.841653363634367491e-01
1.980992419246809133e+00
1.164305954172760948e+00
8.228000085066333735e-01
8.491031051535657959e-01
7.595127337882552343e-01
1.692654690442179533e+00
6.814396164794407351e-01
7.498948083475702742e-01
1.781901108798795486e+00
5.833795479544452434e-01
1.690203881318501633e+00
8.165096918266221415e-01
7.637710511802852098e-01
7.447503314688432852e-01
1.614550923705673657e+00
3.827745836274271118e-01
4.924415716351441263e-01
1.689279353641322201e+00
1.088747817570157705e+00
6.284751063980419383e-01
5.574120006182400333e-01
4.640901715459277987e-01
3.532773046921185989e-01
3.091051524544436990e-01
5.409797565633168714e-01
3.593963066280663199e-01
7.413684825667604672e-01
2.396705669186105503e-01
2.604940743158495220e+00
2.334863002364487850e-01
3.651470569284596124e-01
3.910091734313529965e-01
2.377000905882267201e-01
2.556493513083845093e-01
2.508262667110435773e-01
9.059228122033262665e-01
3.643809793972094813e-01
8.983527941216018498e-01
1.150366349523253007e+00
3.419762340346309548e-01
4.877405286160582110e-01
3.137617856876948608e-01
1.711306962337598048e+00
5.309542818535400999e-01
4.786209034100932236e-01
3.996891584150438215e-01
1.111308977977756740e+00
5.455910574345275155e-01
1.608715168920142657e+00
6.215093681700614159e-01
4.564698738240121623e-01
1.128197763542711396e+00
5.417376751889289022e-01
1.768886587725060799e+00
1.593042658626404373e+00
7.747616488122075484e-01
9.836887070996074289e-01
1.090732772257151595e+00
1.860296311911053824e+00
8.289218863440901419e-01
1.500129731419320933e+00
1.502187660795251345e+00
9.658009273056766819e-01
9.639154455259737464e-01
8.573730970122808159e-01
1.660619790540249996e+00
7.891684325764660723e-01
8.042860654018562094e-01
2.306511889186604325e+00
1.550971724974520738e+00
1.178524673069051509e+00
1.875502614789854139e+00
9.940027859182742898e-01
2.557094149451660137e+00
2.189541166023813101e+00
1.700190790338225399e+00
1.122655793435592742e+00
2.420695128831016785e+00
1.072673935261868161e+00
1.283876791763103320e+00
1.703925643336104967e+00
1.221359099227347311e+00
1.832662691800628574e+00
2.533986977351128100e+00
2.648128773962364235e+00
1.514629185911736897e+00
1.829488041800024778e+00
2.970853539400495791e+00
3.478670881296171302e+00
2.072301285563348028e+00
2.609590447006675973e+00
2.235361834799353797e+00
3.118654575068403378e+00
4.441484136659202164e+00
1.677250741367242615e+00
2.083767617146325524e+00
2.956498478987324763e+00
2.532255633451411914e+00
2.051964456086463162e+00
3.138151571252656424e+00
2.337839003533330740e+00
3.032182771802245824e+00
3.368036004837382080e+00
3.715690943237482280e+00
2.311017524456294048e+00
1.959964579812556451e+00
2.333682794600585364e+00
3.212493785417302128e+00
3.879126358907978744e+00
3.779287961196845291e+00
2.160119422992318405e+00
3.509208929651033149e+00
2.753065370133521039e+00
2.266168610749667689e+00
2.294210889776746587e+00
2.263857712058823690e+00
3.585627021509899315e+00
2.539423136767248845e+00
3.007949610938816853e+00
3.191260660341856514e+00
2.951382678653607261e+00
3.288611804186997389e+00
2.543194758739507844e+00
3.550873962972747488e+00
2.998143201804578162e+00
2.633391636921861956e+00
4.295692437286517062e+00
5.281079544639721846e+00
3.034413291712301675e+00
2.544165331509951944e+00
2.518533506817725698e+00
3.258227370919706711e+00
4.228538050005695936e+00
3.534892576853152057e+00
2.870228554794925557e+00
3.078489961936067498e+00
3.881598707846662055e+00
4.321409470084969229e+00
4.237857189236097000e+00
3.876995611232341599e+00
2.628378849493822056e+00
3.054416391500506922e+00
3.263366936657894790e+00
2.644584226288865914e+00
3.651686298894280203e+00
3.265985530793705127e+00
3.320398322671408664e+00
4.184722641501642748e+00
2.871560719459864686e+00
4.108327738334960344e+00
2.901367951647837451e+00
3.758689065140208285e+00
3.280481159468152885e+00
3.567109391657925510e+00
4.624439760780128417e+00
2.777854843743098101e+00
3.268394134235038884e+00
4.750563368559554078e+00
3.470991215289517040e+00
3.386978853685506774e+00
3.731573893918824325e+00
4.090212618609294637e+00
4.389522642562775800e+00
3.735087313159726641e+00
3.710697889254763293e+00
3.675124431851906071e+00
6.332730614517725343e+00
3.117399598145695006e+00
4.194083317389979193e+00
3.953489007379743736e+00
3.796140899365628929e+00
4.969913077855930617e+00
2.892475150476837342e+00
3.233827478638409580e+00
4.178702597740084457e+00
3.759575871253925783e+00
5.554129376016913255e+00
3.875827527337026179e+00
5.613428653267510171e+00
3.508006794551668417e+00
3.356572665854321791e+00
3.391251292692678998e+00
4.619411157350709729e+00
4.538583159531817124e+00
3.588646889708464460e+00
3.691403567078248127e+00
4.040296527327253528e+00
4.662965670035935872e+00
3.690004850483724841e+00
3.837922818386509505e+00
4.947500467467569329e+00
3.377119762643379985e+00
4.398806861309763505e+00
4.081809253732349596e+00
3.896992346456279677e+00
3.711594422948412575e+00
4.214782120089489936e+00
4.097398861802414416e+00
3.464183537181236172e+00
4.045024695146862470e+00
3.536350065455837743e+00
3.855524697956947300e+00
3.219859180570214363e+00
3.050457667403926543e+00
4.926307986525277016e+00
3.721522361752297225e+00
2.973542081268325976e+00
3.516301090241391147e+00
3.727585405218185599e+00
3.889448020791263172e+00
2.867703944821953677e+00
3.358145358303911809e+00
4.117949777634443365e+00
3.322099760638081545e+00
3.910218248541035724e+00
4.071734058088354757e+00
3.574682140786649143e+00
3.550910335803862949e+00
3.886801999639054817e+00
3.897153444947964118e+00
2.907916523512484197e+00
3.847326667664876965e+00
2.951790511672670814e+00
2.799138997123914230e+00
3.449092960127160712e+00
2.766403763063753019e+00
3.533349329768678881e+00
3.356088720914135237e+00
4.180780714442887458e+00
3.423173182016628235e+00
2.967825794502244374e+00
4.054107278053281860e+00
3.156320844986881813e+00
3.188812952620843966e+00
3.647304609438407397e+00
3.310544810372237468e+00
3.872243044268465884e+00
3.735265067278155549e+00
2.753263147654580134e+00
5.440541907739674166e+00
4.718542961062397012e+00
3.304773505692655711e+00
3.170457797283298351e+00
2.532220398198227418e+00
3.610976711263373495e+00
2.446755342597784377e+00
3.006188036367022143e+00
3.000507328624230308e+00
3.258369475972529461e+00
2.339003398581301685e+00
2.784874404225100353e+00
2.990181137357017960e+00
3.510512381725527487e+00
4.117356189001590394e+00
4.358343253004335338e+00
2.820156054216781172e+00
3.156930267146136337e+00
2.278578639676992701e+00
2.945873995461326000e+00
2.653452341673974146e+00
2.197025374256539099e+00
2.910093246854510429e+00
2.918326461850131448e+00
2.236461023303331075e+00
3.131848111675910040e+00
2.223665861409243494e+00
2.658581503477703833e+00
2.951080553217224622e+00
2.102419552940443470e+00
2.140532478549748596e+00
2.161835829818539612e+00
2.940048400792308225e+00
2.027614004446110396e+00
2.848951229795382289e+00
3.237656437617968397e+00
2.047004701232038482e+00
2.936267698711828800e+00
3.574820229361578061e+00
2.360956820574716897e+00
3.860108570752687651e+00
2.934484727323380948e+00
2.124232763684246184e+00
2.383549988072916292e+00
1.744481946681613937e+00
2.872705805066915197e+00
1.667429217781492223e+00
2.249965988845416209e+00
2.979946325112052818e+00
2.344882606844878481e+00
1.601387020146814333e+00
2.115506935994640347e+00
1.798907759949762930e+00
1.741403807333166132e+00
3.096999674429761207e+00
1.586602504229468913e+00
1.374784749121005234e+00
1.574546871459064690e+00
1.653939752791793172e+00
1.672484724408625834e+00
2.405659955488668178e+00
2.097362115554215478e+00
3.080459518145006736e+00
1.264709321865028935e+00
1.409523959458750975e+00
1.403050647637054560e+00
1.495461807016078115e+00
1.493528861153631926e+00
2.860887972374363653e+00
1.005344781796959408e+00
9.232332053158507357e-01
1.130917662917504618e+00
8.598903279145273526e-01
1.029924980919235900e+00
9.893575052076646337e-01
8.982024007673021782e-01
2.261938922075392711e+00
1.772448580087967018e+00
7.112645393609131617e-01
1.815792235683116429e+00
1.009681891147329091e+00
1.315895251986108683e+00
6.964401746908539526e-01
6.527984716025361234e-01
5.839784087399779722e-01
9.658059292172957999e-01
6.601300027946934712e-01
1.411866653335857702e+00
6.441927717228645989e-01
6.317241165882750975e-01
8.242907328686459589e-01
4.174200136212096179e-01
9.159752173308158829e-01
4.756720223928545543e-01
3.895794028525206842e-01
7.774030921432504293e-01
4.476487538908424657e-01
7.179859819683462874e-01
3.406702476849120531e-01
3.349461995863959318e-01
1.057693984448687452e+00
9.991114016316792190e-01
1.089010385679629600e+00
1.231130349574044658e+00
3.030765869978385707e-01
6.912697267359649844e-01
4.488210362572840895e-01
3.242023992625320261e-01
1.021009785047349183e+00
3.951869112921144733e-01
5.085016253719228940e-01
8.733901239309552755e-01
1.963332690683375015e+00
3.425291364596320109e-01
8.460092940756019919e-01
8.377830595187324425e-01
3.036072781586166558e-01
1.784301771381290536e+00
3.469157741432010722e-01
1.618066231007265099e+00
2.185937399828774108e+00
9.440484187859181642e-01
4.591180871394066054e-01
9.381124517697031484e-01
4.025138802967366258e-01
4.843635321027275342e-01
1.362654964508481781e+00
7.161813448922356162e-01
5.239651071321347331e-01
8.539728794506592502e-01
5.054880053647169413e-01
5.439032061796216233e-01
1.719456315787709411e+00
1.774920399064637389e+00
2.669178091739615066e+00
1.189179275702823890e+00
1.090897716276302942e+00
9.398819404868385963e-01
1.153360407258625875e+00
2.907468256631335457e+00
1.713857522343495532e+00
2.256742622423310252e+00
1.975163503555170896e+00
1.084900143884443668e+00
1.148853061112284468e+00
1.570066161119666237e+00
1.136479776647315143e+00
1.316267606063455053e+00
1.332495529375020027e+00
1.483891165704234183e+00
1.726506834312312888e+00
2.721491010682090206e+00
1.376350418270386955e+00
1.495374082419663520e+00
2.265923064611828686e+00
1.503240518675965420e+00
1.701969501300257148e+00
1.451667433212626479e+00
1.391916696536675602e+00
2.300844329064559712e+00
1.819273931465214655e+00
2.366571031343362996e+00
1.731467015900546524e+00
2.572676448184101350e+00
1.699778332399262126e+00
1.571744971514213773e+00
2.179844276396073255e+00
1.753077751919455807e+00
1.922726202792256256e+00
2.193052544789119374e+00
2.132178380381795968e+00
3.161033143116603661e+00
1.925009455720540164e+00
1.750946565869545779e+00
2.157352865410086196e+00
2.810321696128229352e+00
2.044012179327991952e+00
2.687636519182457828e+00
1.845090734963612977e+00
2.268442045958431130e+00
2.386749886673268151e+00
1.974229232929125999e+00
1.950915939004550292e+00
2.894805115356803515e+00
3.760083405904390830e+00
3.192434307043551023e+00
3.878282429181846958e+00
2.388044491181592566e+00
2.356825680186188432e+00
2.273436608533549119e+00
2.792275061575729023e+00
2.120745405990477561e+00
2.264001835020324815e+00
3.215897485069227013e+00
2.298995009673886702e+00
3.399594757210241625e+00
2.650748650175421606e+00
2.270451823450469586e+00
2.717737654549491122e+00
3.110067235819954146e+00
2.775688901351158755e+00
4.530253329774319049e+00
3.254219244579357184e+00
2.629421456154055203e+00
4.488554679517172019e+00
3.321502288848264595e+00
3.894025335287544021e+00
3.321631690989125474e+00
3.268334889861237880e+00
3.913307499805458445e+00
3.002376658035975865e+00
3.738884525698771721e+00
2.674673480243737078e+00
2.607143589866204980e+00
3.730991315732890445e+00
2.689995242726166413e+00
3.966874217235281996e+00
3.406040121545617083e+00
3.433093516996154282e+00
3.630388879270136204e+00
4.616818325904299414e+00
3.136914800608377796e+00
3.584379295188281578e+00
4.559816302425502954e+00
3.382164921098158583e+00
3.162735408466861298e+00
2.895327366998777130e+00
4.098529198620413538e+00
3.821981187520936185e+00
5.200197446607084828e+00
3.969851929240768129e+00
4.494224119706607290e+00
2.943635514129886666e+00
3.695678735768308965e+00
4.161850836653599117e+00
3.256138375974078070e+00
4.820549143110419266e+00
3.087206370909614694e+00
4.141840270335965357e+00
3.633485215120029643e+00
4.344394019509060456e+00
3.791647219283783343e+00
4.291856079131832757e+00
4.172737934573897967e+00
3.906297161852681388e+00
3.679952075017017599e+00
4.337514833667217573e+00
3.154335362775980922e+00
3.776468901055024308e+00
3.910079164691635967e+00
3.122475716048570771e+00
3.772748594453542825e+00
3.129122205799371503e+00
3.676923562480320040e+00
3.680115180193602065e+00
4.624607915325738894e+00
3.242892085095795629e+00
3.691199185742383371e+00
3.830834863558449932e+00
3.479183349802095648e+00
4.331921345343119789e+00
4.216007696118278858e+00
3.253320192151832657e+00
3.839847728793596815e+00
3.216480661226330362e+00
3.872166500978624804e+00
3.224479640511087375e+00
5.520021915872670881e+00
4.584393114430313609e+00
3.395237429628082282e+00
3.771805807804973654e+00
3.817431724799548398e+00
3.258530402890755795e+00
3.760251236400024233e+00
3.230363868830618657e+00
3.514088823362419234e+00
3.726412245901594034e+00
3.357841129731290675e+00
3.917523498423556738e+00
3.765028213901268295e+00
3.864308078612885833e+00
3.233430269004724078e+00
3.791981362487728102e+00
3.104003188063864993e+00
5.378066932975851699e+00
3.070017738784060590e+00
3.561851848553531319e+00
4.436845140001041798e+00
4.348951718334530980e+00
3.089369274776811558e+00
3.569538187104846827e+00
4.238007707568715254e+00
3.960830720623421008e+00
3.753346293998425676e+00
3.081080855490782699e+00
3.027756449160267760e+00
3.024002439193206104e+00
3.760702920769476432e+00
4.056719949337963982e+00
3.826062031603516544e+00
3.030123454587113407e+00
3.566847055899659669e+00
3.047114026487895977e+00
3.725408193274453605e+00
3.809832532420136975e+00
4.756292971072096698e+00
3.336275071524628988e+00
3.589660480293553224e+00
4.011325295719927908e+00
4.938033109409656340e+00
3.852578507325866930e+00
3.654798598589947822e+00
3.461116178992207804e+00
3.801501814583311045e+00
2.875117934339987968e+00
2.982403857788370249e+00
3.037858984143027019e+00
2.856766036136731746e+00
3.947589831001489191e+00
3.194220641500842284e+00
3.608842338261944338e+00
2.595683502367519324e+00
2.820451064002281516e+00
2.861755614100083722e+00
4.595681591583455905e+00
3.322683678335404789e+00
3.734635218187437378e+00
3.430020865534852081e+00
3.236637553890688412e+00
2.405071471968928787e+00
2.929534087318913738e+00
2.827025268352730158e+00
2.312579958096343091e+00
2.387030073405340680e+00
2.336071013537689645e+00
3.432763736527340903e+00
2.686599695682795996e+00
2.562928727915593896e+00
3.461579008556494585e+00
2.219451072598705110e+00
2.121248779752565650e+00
2.697509697948284657e+00
3.060356934465668033e+00
2.693394796316598949e+00
2.461944472907632520e+00
3.532147824509257017e+00
2.985365450536998200e+00
2.675778643444196359e+00
2.609851225669628683e+00
3.762515346600432853e+00
2.376327909486319445e+00
2.322520749246507865e+00
2.334308774739012993e+00
2.047331463133570839e+00
3.154429715274481349e+00
2.652695979324200426e+00
2.630010765446257892e+00
2.441286877398427091e+00
2.921591109101530748e+00
3.424929811460816431e+00
2.987763317812222041e+00
1.797248425026411578e+00
2.599376254784075524e+00
1.900418490164033969e+00
1.505190555561135568e+00
2.323213491728674640e+00
2.017550724986617361e+00
1.705376633129052522e+00
1.741823703589518546e+00
2.433141042593819137e+00
2.128552581557104251e+00
1.500595954946294608e+00
1.956435245218783203e+00
2.720850069876159516e+00
2.007214413317448098e+00
1.143353588401088583e+00
1.120428280698681833e+00
1.200685812381656614e+00
1.909878003307595939e+00
1.605367022034449143e+00
2.215682680429701623e+00
