3.285784154584951988e+00
3.386982666846703793e+00
3.942140574462619895e+00
3.195830207239453991e+00
3.315836872605532282e+00
2.822820382436339592e+00
2.752155196530984060e+00
2.844231934176553178e+00
2.810546633857908816e+00
2.822394658327088468e+00
2.980460174671117901e+00
3.354299476264974267e+00
3.551692716060852462e+00
4.465453231841284953e+00
3.236116721598512491e+00
2.890312174766221265e+00
2.863714189527532650e+00
3.079923142439493056e+00
3.006942069605369916e+00
3.008810981836267384e+00
4.190924023160316203e+00
2.810746088670049492e+00
3.560633498792755702e+00
3.476556838490736379e+00
3.114270744174902461e+00
2.786830689309440334e+00
3.601168319123064343e+00
2.974663911440917019e+00
3.016352960144544681e+00
3.796170024062173631e+00
3.381422307009611217e+00
4.488202866450482276e+00
3.568732511981659083e+00
3.687141754689735595e+00
2.862398494552558237e+00
2.974641921317395354e+00
4.229598609133016218e+00
3.235370475594041118e+00
4.564907297777340389e+00
3.379360609416500960e+00
2.827417499022327085e+00
3.583844958320009155e+00
3.996429477194674451e+00
4.532292186351246421e+00
5.267420754989842635e+00
3.490962902315442484e+00
4.937973733744886573e+00
3.805036664894067222e+00
5.580898639786966875e+00
3.727076115159430714e+00
2.888885749017494842e+00
4.942212086414240702e+00
3.230701077804036370e+00
4.997187216928036690e+00
4.308601494278638810e+00
3.108735781405596921e+00
3.730170555372227525e+00
5.396702717100318125e+00
5.554391600851232624e+00
4.848980022001386558e+00
4.132782693065850665e+00
5.108601659682471485e+00
4.161647217512266295e+00
3.967097607065801945e+00
6.465686331465645864e+00
2.981960953842353046e+00
5.038362790306043948e+00
2.840648139384993609e+00
4.002056537543394299e+00
3.006277131449051065e+00
3.597423906119490145e+00
4.113063573965707320e+00
3.029406586844634042e+00
2.877439625882688645e+00
3.038617762212261653e+00
4.638123980128712631e+00
5.654110112472832128e+00
5.048784681389357765e+00
3.273216050958190237e+00
3.029592052202164432e+00
3.731761441222558595e+00
2.876930502262152078e+00
4.957501293110325946e+00
4.296540934353092922e+00
4.206994192949183642e+00
5.639996142387268208e+00
4.518613095009157199e+00
3.297277754207457168e+00
2.942252625448672720e+00
3.161870520157058273e+00
4.205589096242940528e+00
2.754069178045889021e+00
3.598609209482557691e+00
3.031646499518142246e+00
3.249086243914703243e+00
3.847161059566837960e+00
3.415431252139189411e+00
3.916933621353561268e+00
3.308581828971629779e+00
3.466829129766483497e+00
5.803192850823139182e+00
3.786589555444935584e+00
4.975650150154693030e+00
3.842960360526920471e+00
3.173131293046541401e+00
4.143388691929657419e+00
3.456456380285596541e+00
2.744438915910460963e+00
3.657826608029510762e+00
2.693419155404719323e+00
2.950129540565959552e+00
3.468793209467865513e+00
2.907719220193531129e+00
3.096946465045566033e+00
4.168521633968923723e+00
3.430685951662624689e+00
2.633629893362857022e+00
2.853779635003425685e+00
2.782324916246715407e+00
2.975115891075007735e+00
3.041415153535130145e+00
3.581534751768496339e+00
3.297623003319719359e+00
3.480654195211201340e+00
4.001028278234981528e+00
2.915682002056811495e+00
3.045927432382451006e+00
5.015980565070530695e+00
3.128677240467991005e+00
2.934034989044066677e+00
2.368965738911167573e+00
2.360946542625768529e+00
3.496276609812389857e+00
2.764133166092876959e+00
2.324558059287207712e+00
2.886547981929161732e+00
2.852346356021207008e+00
2.502518717370200374e+00
3.513285301247239811e+00
3.196702156894626334e+00
2.753384528783083596e+00
1.978509179187486922e+00
2.145698693582986483e+00
2.144190287639670789e+00
2.354070378321063917e+00
2.870714971918493230e+00
3.806235799742669457e+00
2.076364180879411325e+00
3.129760050712587560e+00
2.060823299179376455e+00
1.772799267180940941e+00
3.483312119140387964e+00
2.145654983129193560e+00
1.670346198535772153e+00
1.564518441339557864e+00
2.033419180342517230e+00
2.959760784086322705e+00
1.970078844120313644e+00
2.431369986833545660e+00
2.265417669799502320e+00
2.338366917835427827e+00
2.305334369446325304e+00
1.277119817631075627e+00
3.336501991668685996e+00
1.650246950007253188e+00
1.619815409888257340e+00
1.169346467760967068e+00
1.482879298176029703e+00
2.742644855228078882e+00
1.477641971248591313e+00
1.082412861699867834e+00
1.020854813846029829e+00
3.891439196512796350e+00
1.107119844882793691e+00
9.684241170477945193e-01
1.877701007101887809e+00
1.266681146353652920e+00
1.061908752523186283e+00
1.541656081618068441e+00
2.135982495754552790e+00
7.735313433531398886e-01
2.448774024704384100e+00
1.429062393172330969e+00
8.767022243234112722e-01
7.104966025024161969e-01
8.318869629427396717e-01
1.419700619180734424e+00
5.675090590424367587e-01
9.122399921912589527e-01
2.211001517406242733e+00
4.828858750744507988e-01
2.075521585492484444e+00
6.433670729271705468e-01
9.716709597320360992e-01
9.434355045376856541e-01
1.398355655203819881e+00
3.800545946840701017e-01
3.997284619022148933e-01
1.912397444496620968e+00
1.266172020735396364e+00
7.465219198467616391e-01
4.748009383943188055e-01
4.020050867335774880e-01
3.946395138922281776e-01
3.367599624022027394e-01
5.039391233201031550e-01
3.802020389595306415e-01
7.247064249551389281e-01
2.510511444459543329e-01
2.610742028743471721e+00
2.497725862564006416e-01
3.399149317756235966e-01
4.295505905084804343e-01
2.503552362159134903e-01
2.711945521232576040e-01
2.655899251972707598e-01
8.881958207726327048e-01
3.735833323235484560e-01
8.918750153441581396e-01
1.136364758092870630e+00
3.469764489140464425e-01
4.867123399617698798e-01
3.164523011722787382e-01
1.719224606520463716e+00
5.448627433319216395e-01
4.669366370622848317e-01
3.893875481323266774e-01
1.080018169883014245e+00
5.218343331055972367e-01
1.662570932149850744e+00
6.572626000760934950e-01
4.504175312171762036e-01
1.202768726372433594e+00
5.593438233124674586e-01
1.867435980852308441e+00
1.510910912526820749e+00
8.459080039762754133e-01
1.081256695855025374e+00
1.000223398475332592e+00
1.995284904236948265e+00
9.216944091130125916e-01
1.362668282675838061e+00
1.354178044149278337e+00
1.095367819292166311e+00
8.862931612124713698e-01
8.257196655882559355e-01
1.826796261714721314e+00
8.827207225301696436e-01
8.888838863699142223e-01
2.021399567015516041e+00
1.738525111408133261e+00
1.372118593995020230e+00
1.613299904466413581e+00
1.184092631783796756e+00
2.196555222770810278e+00
2.391690177192147715e+00
1.466992818247865094e+00
1.153226888207703693e+00
2.034416690219843282e+00
1.303259413021730762e+00
1.272735539344377109e+00
1.495458643882712435e+00
1.497014158766682534e+00
2.107199533479815923e+00
2.777616953262322053e+00
2.901272060332624303e+00
1.826650404366719549e+00
2.144770837805484831e+00
2.459916459215826912e+00
2.904269817608691628e+00
2.417153130796459770e+00
2.957833306179489252e+00
2.610062065600160963e+00
2.570054736996369105e+00
3.803970703877555870e+00
2.030338318131702735e+00
2.502358580414457467e+00
2.450490755243554197e+00
2.139000227795225584e+00
1.879159404471606454e+00
2.618909456508141886e+00
2.044212958407262803e+00
2.550329127392024997e+00
2.849468687556721225e+00
3.178615955896745948e+00
2.076327929013682461e+00
2.187601057223499179e+00
2.737836318506494226e+00
3.753816495736363557e+00
3.405558973902236275e+00
4.341979694633587350e+00
2.388210954724208523e+00
3.093976668634273341e+00
2.445978074768584865e+00
2.511535956500185574e+00
2.541187069550772559e+00
2.467983183252340229e+00
3.209748942955481521e+00
2.833765211200376832e+00
2.741418250882815322e+00
2.908195653219589172e+00
3.226972709165020436e+00
3.537811843707395987e+00
2.830009106162709731e+00
3.278139478411107532e+00
2.855945855280793477e+00
2.925696404491255898e+00
3.972025917598632994e+00
4.897960810747658655e+00
2.950203762700494892e+00
2.883701043930386732e+00
2.809942288947101297e+00
3.422147747408865737e+00
3.933408534856788652e+00
3.342198626415622265e+00
3.144939082866046842e+00
3.312517063744431667e+00
3.601996964936447387e+00
4.361581503573027874e+00
3.853441757159871806e+00
3.988874675124148173e+00
3.058105515936965002e+00
3.391012500511077832e+00
3.554719162696191592e+00
3.052611142919738896e+00
3.425137555041037452e+00
3.583938145761382810e+00
3.257971691726741170e+00
4.273519017989612756e+00
3.292080637271038501e+00
3.738902522283584329e+00
3.304458507076264429e+00
3.932040544393009540e+00
3.208698877959404339e+00
3.784749504292847178e+00
4.197115665981467458e+00
3.151584115581480106e+00
3.152964414196262499e+00
4.382797405072951236e+00
3.290475086539430105e+00
3.626877975281125988e+00
3.504347742693815881e+00
3.822333155262894078e+00
4.102214868545109638e+00
3.915273402002357184e+00
3.487997431881954657e+00
3.454228387472877415e+00
6.027428068734116628e+00
3.403075623016646123e+00
3.953514834737777317e+00
4.114810389671839097e+00
3.569725035133706204e+00
4.732440878604744938e+00
3.143124215328093829e+00
3.506850289130846399e+00
3.936165105557395183e+00
3.511222670159631853e+00
5.243714232814518539e+00
4.116229801518642262e+00
5.253030909461158693e+00
3.819632481979522431e+00
3.690753378685299957e+00
3.726443298038193852e+00
4.255643930459659607e+00
4.181024465777015919e+00
3.349463160519339233e+00
3.443399363725300866e+00
3.753250625315527778e+00
4.316081509879464484e+00
3.460060501366195140e+00
3.593163111095744711e+00
4.592636799035291872e+00
3.703842492104835848e+00
4.102199094771384225e+00
3.828688758102817502e+00
4.104385995635735362e+00
3.515964030368445847e+00
3.942847119886868867e+00
4.283023537564650596e+00
3.812187070058702609e+00
4.269581626494908022e+00
3.442082615563363923e+00
4.773170516937975449e+00
4.710358009670592594e+00
5.132631760715691271e+00
7.523285343159504812e+00
4.688998616634374450e+00
3.425268580871645874e+00
3.130508171399395412e+00
3.985526197962663275e+00
3.666869952577322511e+00
3.198879954126120140e+00
3.643718245383446686e+00
4.448868118340882916e+00
3.699480784660841071e+00
3.566144745681818051e+00
3.695284941480049934e+00
3.261275198929281860e+00
3.223781915509800200e+00
3.533753660525804641e+00
4.546230713304868942e+00
3.243548468087586123e+00
3.501898666459855924e+00
3.381801000299123228e+00
3.069927068559888284e+00
3.051840862718271374e+00
3.044838301038171657e+00
4.343559921291568315e+00
2.929107967654204892e+00
3.814984692766387742e+00
4.225650685437674525e+00
3.573133121825181835e+00
4.941792555774632945e+00
3.867456615898173578e+00
2.772976464012673059e+00
3.247600107662983238e+00
2.922132317581915384e+00
4.649132514784226622e+00
3.324431966165692476e+00
3.183922865188336004e+00
4.924425661543313737e+00
5.383844746980795293e+00
3.838654027023626014e+00
2.876022882159203764e+00
2.693059401247533735e+00
4.060691056541626764e+00
2.494211243101931874e+00
2.770762430716678271e+00
2.792066360739724029e+00
3.205070814400540868e+00
2.210974468650081182e+00
2.894313444531253499e+00
2.937139338489989093e+00
3.682901484904729017e+00
4.301412900714700172e+00
4.593268174208233745e+00
2.922537655262947620e+00
3.184523942228489890e+00
2.243511729392211773e+00
3.067066620429327095e+00
2.436437503008213490e+00
2.154854666969630461e+00
3.028797751738878219e+00
2.846448072109391436e+00
2.272544322588683663e+00
3.097303575633706618e+00
2.278710026187920512e+00
2.515744516923294150e+00
2.867422031466415167e+00
2.152661601504499256e+00
2.220748788371818438e+00
2.243433083279804396e+00
2.823515656682863639e+00
1.983581312669894015e+00
2.698429859936601893e+00
3.156680111642695241e+00
2.093812735859460261e+00
2.786708619061867953e+00
3.501669717501465495e+00
1.975782096980158720e+00
3.808399229280647447e+00
2.808403458139097086e+00
2.564337995890636712e+00
2.126736827309148481e+00
1.665928939942142417e+00
2.796244573128876088e+00
1.471137268372347595e+00
2.016035013195439873e+00
2.943061010596138782e+00
2.188373616139196010e+00
1.687424909543238760e+00
1.901434866551330760e+00
2.252833263980936973e+00
1.337843429773693416e+00
3.094432770672600697e+00
1.131524197155365341e+00
1.323552804737642585e+00
1.937154223518800178e+00
1.352304223381623149e+00
1.410872679530846163e+00
2.356800582980413949e+00
1.956640916125090612e+00
3.812915103962735586e+00
9.389652208360654839e-01
1.163446670660387872e+00
1.717943311839821741e+00
1.308447311029091509e+00
1.320293390606211092e+00
2.337712793786370646e+00
1.219842215833864874e+00
1.111778408168158538e+00
1.383337380839166908e+00
1.123121824683251946e+00
1.282460198868935919e+00
1.236865049291007823e+00
1.144984501959238177e+00
1.801241869936132556e+00
1.451693804384419417e+00
9.243036033643434735e-01
1.468102460620171579e+00
1.212488622325531118e+00
1.120394947880775760e+00
9.029202304675396640e-01
8.553474499755793214e-01
7.785141117127964971e-01
8.676751368348305515e-01
8.614030085168540296e-01
1.130241384584995235e+00
8.346833032086933279e-01
6.736211208387319349e-01
9.645133650295585337e-01
6.054918338073180806e-01
1.003364011445309512e+00
5.891978715693577673e-01
5.499872828840290939e-01
8.427983342009590650e-01
5.167738173990905626e-01
7.000871888448459979e-01
4.458621895633795296e-01
4.481829979141375153e-01
9.966215180059727619e-01
9.621518030828684065e-01
1.041809065917009169e+00
1.165917865898747241e+00
4.682380686514409085e-01
7.690643893106536844e-01
5.315934458306088572e-01
4.836911163889332510e-01
8.397394142976166709e-01
5.066277874842144424e-01
6.830782106402653042e-01
9.679930666409217732e-01
1.585300037153714703e+00
4.389238626871037052e-01
7.877643425276519284e-01
8.155425702960029666e-01
3.876251659626859247e-01
1.718902544413018374e+00
3.997086558161976333e-01
1.582077218265173446e+00
2.124587224274156583e+00
9.548131573977355346e-01
5.296453835747677585e-01
9.364801684046804020e-01
4.668414442699977407e-01
5.515301069222942054e-01
1.295764832347099382e+00
7.467375617467140181e-01
5.835703564607035432e-01
8.673191305476757318e-01
5.544511739496080782e-01
5.807155415310811808e-01
1.710335281597789914e+00
1.776471968273903412e+00
2.565267013447343203e+00
1.212775257427549214e+00
1.096680831180313564e+00
9.314543228664673435e-01
1.155279494770701021e+00
3.007324227754670343e+00
1.695146905878073929e+00
2.380992136396264058e+00
2.099048902190814747e+00
1.017958248579210689e+00
1.127020751098171125e+00
1.567559754079681289e+00
1.092321869369081488e+00
1.296105450807734538e+00
1.309251396639607101e+00
1.491092337579643878e+00
1.727445284120088687e+00
2.954804302178383413e+00
1.242039502267718865e+00
1.422926749965455206e+00
2.460545968487740875e+00
1.376396136504757894e+00
1.693156326188261396e+00
1.387042204128919876e+00
1.285051904021519142e+00
2.470744074060173823e+00
1.821944037951046313e+00
2.528888221409538950e+00
1.720060381031420560e+00
2.752271675147460073e+00
1.489399657474977712e+00
1.482097786839850606e+00
2.228732003109408222e+00
1.732141668475784435e+00
1.769785088982225307e+00
2.257122059157392613e+00
2.193182075384827900e+00
3.308131016451273165e+00
1.953495917273572857e+00
1.814485969193852188e+00
2.186783255229603373e+00
2.829251696870586308e+00
2.088816433334109934e+00
2.694017383798557042e+00
1.855872847840051687e+00
2.166763675373928333e+00
2.425211461048835559e+00
2.009429775628527981e+00
1.969534102350008364e+00
2.912808265823568110e+00
3.848808778220814908e+00
3.248184467684513965e+00
3.984467218472304673e+00
2.207169535094061441e+00
2.411515580489899335e+00
2.322826855586058503e+00
2.829596114571552246e+00
2.140623117723919222e+00
2.320718234977231731e+00
3.242471021182915081e+00
2.364900275357076254e+00
3.437171136495278390e+00
2.699004899564818594e+00
2.347406167369956442e+00
2.764508629243959348e+00
3.088143104264498007e+00
2.818955684783185589e+00
4.498541864199445683e+00
3.276927556806464636e+00
2.674059310243043441e+00
4.683965626106674662e+00
3.343500926605108337e+00
4.062590816573147023e+00
3.327263139395950198e+00
3.231287046709752087e+00
4.093233737265874694e+00
2.710000473920477049e+00
3.878000236537528345e+00
2.680757513978168749e+00
2.556377169483201151e+00
3.857118937734930864e+00
2.669699466103258700e+00
4.157597575664163436e+00
3.301376824406680566e+00
3.624876753060084056e+00
3.655318490649430263e+00
4.917892455111477545e+00
3.279837177007749904e+00
3.808082595005478410e+00
4.838001564648875430e+00
3.053472323871884608e+00
3.307959629474610530e+00
2.895051264380917644e+00
4.251079296173017497e+00
4.088468501920530684e+00
5.518235188561785520e+00
4.250689739602875328e+00
4.795197691760517245e+00
2.903386242131726469e+00
3.514735706776472401e+00
4.282783558591367168e+00
3.392678438120111384e+00
5.092655895408743305e+00
3.117982359579533291e+00
4.227916040098357087e+00
3.837510543923286832e+00
4.503507215619244164e+00
4.003089605572641929e+00
4.422020024951391015e+00
4.244907771053634704e+00
3.784854935585819202e+00
3.843650892985518208e+00
4.467513137487737040e+00
3.159178003510902499e+00
3.479366974453765415e+00
3.748999336742830035e+00
3.098496849851714252e+00
3.454690829831643217e+00
3.112255143033117122e+00
3.294294994293851087e+00
3.774031543029688240e+00
4.784447612466149025e+00
3.295545285047779771e+00
3.343973966307995482e+00
3.900601940589199845e+00
3.551995547423087540e+00
4.370421811985025329e+00
4.201220375420859909e+00
3.345654924369686700e+00
3.610246397472762769e+00
3.331091010490981219e+00
3.677542230986898808e+00
3.362578632852224914e+00
5.652354681866222919e+00
4.485333737465460047e+00
3.515322533014844097e+00
3.602323445351826692e+00
3.670415788284285163e+00
3.461342197518379571e+00
3.619949172754706623e+00
3.435243353824056101e+00
3.602269752058457009e+00
3.744824926056184111e+00
3.498660475243324797e+00
3.816288070312664260e+00
3.621328607892610130e+00
3.750352070150481332e+00
3.409630466246714953e+00
3.785872692217477464e+00
3.321305690377052144e+00
5.423114797105416329e+00
3.290206195805261302e+00
3.613636860246790317e+00
4.440757789141901668e+00
4.343014978609694765e+00
3.294771918849678016e+00
3.427499203438427955e+00
4.213505796366057155e+00
3.929145578697208485e+00
3.634502820873153350e+00
3.250381436558531956e+00
3.201782533929269814e+00
3.189321236115786995e+00
3.641675230512992911e+00
4.080411058151339532e+00
3.722250977979500330e+00
3.167090184665993569e+00
3.394569382400943081e+00
3.173189142780631133e+00
3.599464175287130363e+00
3.702412595519888772e+00
4.710406830728025795e+00
3.120264427814247732e+00
3.443405416683051445e+00
3.927950374656195454e+00
4.880353606798477628e+00
3.755064178394202923e+00
3.794168514253664970e+00
3.305018395681692311e+00
3.701449900937058501e+00
2.996229389471364080e+00
3.112853883936353760e+00
3.170321961892013540e+00
2.982558955291797709e+00
3.859359264584174554e+00
3.341669215099356105e+00
3.497972307308867990e+00
2.699186263753111881e+00
2.952965957136816311e+00
2.997765131022333662e+00
4.505260948357001638e+00
3.196351670818832869e+00
3.637383683029891568e+00
3.593151672788417628e+00
3.112241528150877290e+00
2.499546536111803441e+00
2.770442930691686012e+00
2.658505201996941292e+00
2.400658497710228545e+00
2.491011046878273127e+00
2.435520931868075500e+00
3.338940794528698852e+00
2.530638847610179987e+00
2.683635123409211065e+00
3.361659230718765823e+00
2.301530700863361645e+00
2.169228698776712871e+00
2.817295210329548993e+00
3.159228453527816782e+00
2.605338751818654597e+00
2.347959713832721729e+00
3.557069495576038687e+00
3.003442439740767522e+00
2.675858962788355555e+00
2.570399564383881952e+00
3.857491965889705110e+00
2.384984132468188633e+00
2.342594478209055531e+00
2.379927742587466533e+00
2.045597852592340171e+00
3.319127213448368696e+00
2.806070888896537774e+00
2.798227754692760527e+00
2.608081559408081507e+00
2.559412491499517994e+00
2.954395116647148711e+00
3.244366492722158046e+00
1.907888119110473735e+00
2.869903716107997660e+00
2.083583350129639022e+00
1.621176044562667062e+00
1.957995405878408146e+00
1.775706226228227713e+00
1.628901472386258042e+00
1.622083158457486185e+00
1.921827134649934710e+00
2.500600369802503664e+00
1.491494793847856215e+00
1.616478986512606575e+00
1.988804976608626873e+00
2.443043494897809254e+00
1.354472104512364439e+00
1.333114872651506300e+00
1.319280181204928404e+00
1.460697065859353216e+00
2.076617045558864838e+00
2.783133228134766046e+00
