-2.06236202269793 -7.09183896434535
-0.159744966775179 7.28501105763103
2.72387671470642 -6.63892525436504
3.93661576509476 -2.30574536488716
-2.04612250439823 -3.87663075843653
0.984309773892164 4.50910667358697
-0.329681595787406 8.0846117839498
2.78697869554162 8.69066493235375
1.81626924313605 10.1832244545721
-2.46956321410835 -0.910784364343552
-1.82736939564347 -7.40718765456192
-2.62049688026309 -0.258572411796357
0.27052871696651 -2.02452429706858
-1.3291422072798 -9.62458461330215
3.54172849655151 -9.7260758675494
3.70974309928715 -10.394596570796
-1.42841666564345 -5.15079254211992
1.4074331689626 9.35884312632543
-3.01340388134122 -10.4245338626223
1.67877589724958 9.52973455968521
2.12296502478421 -0.949249385719652
-1.34749027341604 -10.2633402337827
-2.26910829171538 -8.54405594835585
-0.406507859006524 -7.78208401716362
-0.846434351056814 -8.93292144664027
0.598577067255974 9.54909287560808
1.55362352728844 4.62448928058873
-3.51681146398187 8.53619787172242
1.42175537534058 6.94494628869785
2.547088496387 -5.00870033048443
3.04712320491672 4.39507875340541
-3.3045013975352 6.12256219716678
-2.01245290227234 -5.35422932912299
2.69461640901864 7.79044438374462
-0.999915696680546 -10.1196155459016
0.592993553727865 10.8996025969242
-1.95789701119065 -5.59639971620056
-3.85730295442045 -2.6248428803951
-0.516716815531254 -5.67913249079127
3.25207632593811 3.68467174749303
3.81334929727018 -0.3796729038397
-0.368566665798426 -6.94137988805631
-0.194728624075651 -6.33182598682965
2.05723701789975 9.9462428955505
-0.0887452214956284 -6.5497809771171
2.51087458990514 -4.34195081933393
1.56406850554049 3.90237401143376
3.48733397386968 -9.61712814178705
-3.10520774312317 3.27059386768084
2.20485208183527 9.94056810905045
2.63885744288564 9.54652013865197
0.436806783080101 9.29224338694788
-0.186165345832705 -6.89228201847902
-3.02700705640018 3.63924989334992
-2.07662508077919 -9.51215226605642
2.48001423850656 -4.48757084333015
1.16732252761722 5.17857299142182
0.695348769426346 9.06240974510467
-0.581333098933101 5.5810740559677
2.88556160032749 6.10822860033215
-0.482036840170622 7.14210124456362
-0.994855081662536 -10.0750660029799
-0.365822019055486 7.3712399950261
-0.474571775645018 5.95858127077122
3.51274490728974 -11.331473747152
-1.28322728164494 -10.4313024980993
-1.67869945801795 -5.63144046576199
-1.1046556122601 -9.31831059600645
2.64019119553268 8.55418372907582
-2.87020954117179 2.95611491445973
0.522398237138987 -1.16668045008056
-0.700354756787419 -10.1519090459544
-0.875107383355498 1.99519691605532
-1.56185964867473 -10.3927819970599
-1.92278657108545 -6.39431696041441
3.53626082278788 1.97290032843649
-1.14584022760391 0.518744231701579
-3.15400836803019 -9.9755205153287
-0.869541449472308 -10.0460823074319
-0.470708042383194 5.49793940808273
2.89824217371643 6.50224770667504
0.00631582736968994 -6.13952556408548
-2.26166723109782 -5.75121519375391
-0.954697022214532 1.67311530981669
3.59873614832759 0.688165025797324
-2.46257681958377 -2.9448199246665
-0.54242942482233 5.60579886710646
0.345243105664849 9.56479098484592
-1.94662986509502 -9.38174083628272
-0.292745163664222 8.98606326001036
-2.08399424143136 -4.91195735758831
0.404773514717817 -1.90822866000464
0.596824143081903 9.64835901814978
2.56672728061676 7.40397592265495
3.67816796153784 1.31173451583243
3.01363004930317 -9.6090042993907
-0.709782658144832 -7.92300871024547
1.89701575785875 8.83259757192592
-0.305014047771692 6.02440775376841
1.58123390376568 4.91826596508736
0.649937758222222 9.99125385643857
-0.338466996327043 -8.40652488942266
0.202245332300663 -4.1585365234503
-1.87749149650335 -7.86858320864613
-2.16683729179204 -2.80532063020112
1.01472240500152 5.163093322857
2.70795977860689 9.06644173452209
-2.48273281380534 -10.2161867252891
-3.12599653936923 -9.53097442265737
-0.915269922465086 0.795452224773192
-2.69181422889233 -8.78236912366511
2.99207494780421 5.90933529536007
-1.2886952906847 -9.46769165081353
-0.144586175680161 7.9992936404322
-0.877304377034307 1.91138446302772
-1.70148148387671 -6.28103340893689
2.83265025354922 -6.4142758014777
-1.81233477592468 -6.85441583897804
-1.86701690033078 -8.31243503427746
1.74264490604401 9.42955779600028
-0.565710673108697 4.00716024660608
2.81325340457261 7.31075130662621
-1.04160788469017 0.386457265110471
1.46988121978939 5.88101748868819
3.56504135392606 -10.1857275945554
2.73444264940917 -6.64240319607205
3.41045016236603 -8.0379540010074
1.89483087323606 1.36210904143016
-2.8405069001019 -7.34611822689296
-0.374441148713231 6.66200151555972
1.35014559328556 7.4450701652281
-0.286595286801457 7.63704333970838
-3.22175248898566 5.07612056668987
-1.40200449340045 -4.84595189784374
-2.37174856849015 -1.39830351840269
3.47938144952059 0.926295903408447
-1.756685718894 -7.62104247314307
-2.90580276399851 3.84677810703205
-2.41269233636558 -10.3100706677798
1.7150889094919 9.03143527104568
0.72325986251235 9.27403844822105
1.1444591358304 6.84467165262377
-0.983441591262817 -10.335217881131
-1.10350181907415 -10.7005659135512
0.96219695545733 3.91990654929338
2.06167489849031 0.887996632329221
3.12466857396066 -9.98157541776973
-0.782463427633047 1.79652367552163
3.03377035446465 -8.13583790199749
1.84872542321682 4.2385675795775
-3.8466726988554 -1.81587986585549
0.411189859732985 -0.362496232255394
-0.803289983421564 1.90645262881928
-0.0296726189553738 10.4786075491917
1.46483239904046 9.68125857779378
1.09799785166979 6.61735576484889
3.02365828678012 -9.32553882287262
2.44930481538177 -2.96729200504757
-1.72668740153313 -6.26043161057896
0.286147361621261 7.202251636088
0.406859403476119 -0.277924807927609
-2.38037114590406 -3.8036977488692
3.58933148160577 -9.96148276596878
-2.79086396098137 -8.9967386206731
0.630929831415415 2.39976521407258
-2.34214706532657 -9.65681223723191
3.7573256008327 -8.98464679911226
2.04402146488428 9.86380696645523
-3.89344068616629 -3.20041745902863
1.2279646974057 7.32676904851018
3.83214436285198 -1.017842902087
-2.70534785278141 -10.8011901136435
-3.92980155721307 10.4679515027485
-1.36642755754292 -10.5151476771021
2.9712819121778 -6.6938123476523
-0.311226177960634 -7.78173630959182
2.84927693940699 -7.1380238391784
3.2159624863416 -7.75392091964465
-1.18394306860864 -9.46577927273966
3.75693669728935 -2.36885938460598
-1.0374238807708 0.550164856454578
3.51231181621552 1.02178379041132
1.1112838499248 8.38942486367213
1.20413825474679 6.68031246673162
0.539608962833881 9.30877616044966
3.36578346602619 -9.02051053318845
0.756317716091871 2.51175567329101
-2.19064908474684 -7.78150959626376
3.24462398141623 -8.94317217047128
3.57811122201383 0.126720559829275
0.72537918202579 2.7250362706081
-0.442089097574353 -7.1217798852661
-3.84402595087886 10.4743335199319
-2.69848738797009 1.28241011111216
1.29116252437234 6.91003146981711
-3.88743008673191 9.13088732895977
-1.0124029442668 -10.5637165451052
2.19663639739156 10.8596920319412
2.40289280191064 -3.46007364756661
-3.18138112127781 -8.92403252672569
-2.47357062064111 -0.744092646685796
-1.75320157408714 -7.40149022055302
-0.791414322331548 2.6039265697523
0.360203381627798 12.2000770408138
-3.50369182601571 6.42612444120946
1.97970328480005 1.56576414884872
-3.44826945848763 6.36366058127902
2.1577626504004 10.1016324259528
-3.67587812244892 -4.41069268696278
-1.24873209744692 -1.84972465384656
0.0773415416479111 -3.52192810873799
-0.5056865029037 4.89997460526233
-3.97554474510252 9.7763422475421
-1.84180506505072 -6.63105069779899
3.16137134842575 3.59365402554631
0.924016047269106 10.2009526669559
-1.9388358220458 -6.43226474325368
0.39274912327528 8.42352389385828
0.0468173623085022 7.02946579956689
2.23529936559498 10.0389511960164
3.07649005949497 5.74651658825585
-2.39129684120417 -9.69900018254563
0.947010179981589 4.51364627847441
-3.46728105098009 -5.89420458783713
1.30699119158089 6.29756760944175
3.66028494015336 0.497135236628568
-1.90248489007354 -6.78580753090641
-3.38292908854783 -7.21800569505728
-3.21769526787102 4.89936312887135
-0.229280047118664 8.06289469064533
1.91539879329503 10.5806409339988
-3.45702273584902 9.46985532359997
-0.643477970734239 4.87235019442188
0.747745836153626 3.2136574515895
-0.000122830271720886 -4.21257624681884
-1.05674071237445 -9.46502637906211
-2.36159289255738 -10.5344550395074
-3.1646303422749 5.7584642089083
-1.68909598700702 -6.94827774609783
-3.16510383971035 -9.05757466027538
-3.91224517300725 11.3230178783323
-1.8975722193718 -6.79816491407756
-3.60616320744157 -5.5672325387386
0.629872277379036 9.67585155215886
-3.5355022829026 6.37275239066738
-0.816775163635612 -9.64077169189686
-0.572347860783339 -9.63164339461544
-2.60000604577363 0.891822801643455
-2.85502796620131 -10.8669509404364
-0.404145300388336 5.76450529167554
1.21116333082318 7.2155925186815
-2.65268913656473 -8.84558014746909
0.112426130101085 11.4695452102754
-2.13577941805124 -8.26561629302771
-1.52734507247806 -4.52148469413549
-3.53792430460453 -4.47600373073635
-3.56640468724072 -5.44432231238305
-1.47507535666227 -9.54508517308946
-1.99094563536346 -6.74103933766962
-2.8996022734791 -11.2502444511501
2.51198410801589 9.63699685266519
1.68367048166692 3.77303211918988
1.46598019637167 8.97465338961813
3.8726686257869 -3.21819863805363
-0.979434959590435 0.349811090030241
2.52625399641693 8.06806354113974
-3.90076271630824 -2.71622222746931
-1.33588276058435 -3.39873253258649
-1.49270060285926 -8.72919092303217
2.2033207565546 10.3032163970182
-3.98619032651186 10.9065357148156
2.18438710086048 11.6775339953216
3.69564327225089 -11.2661627519785
2.71812253631651 8.41174837978195
0.107574138790369 -4.43240275375253
3.48515849746764 2.96874728192449
3.17085964046419 -8.7095914967727
-1.3374251704663 -3.26735382749852
-0.55241522192955 2.88872187278335
1.82544999010861 9.78283343410149
3.84825736097991 -0.4391226361776
0.314444504678249 -2.71035997400074
-2.52462612837553 -2.16218977790466
-3.37465354427695 -7.19521715309314
2.39185542054474 -0.817036329747594
-0.735285267233849 -8.60919367139122
-0.0349263120442629 -5.51990815266973
0.297856260091066 9.58712159579705
2.13141452893615 -1.27298417140331
-2.40507268160582 -1.98926010556329
-3.25962220318615 6.46854933809415
2.57401645369828 -4.04971589799356
3.89915833063424 -8.82988625725692
2.72114254906774 -6.70261918382954
0.950721940025687 8.63252670113215
3.54593004658818 1.12882314882345
-1.52243414334953 -4.38685707071492
3.85827091149986 -10.6934079463597
-3.05786619521677 4.9925502762552
-0.743308400735259 2.0574840449718
-3.49130438826978 7.3484485571364
-0.0180652923882008 8.9065688975127
-3.72272532433271 -3.83134210615204
1.94599131494761 -0.715385444894918
-3.65647769719362 -3.73131341708437
-2.13796234689653 -9.66125367042453
0.126709174364805 9.64629504844915
3.64441552199423 -9.01593387594791
2.95179571583867 -8.58199421325102
-0.370743138715625 5.48929144933386
1.10639165900648 7.07392070673189
0.225020727142692 8.4268288442745
-3.78660885989666 -4.53827880264592
-2.12858715094626 -4.31557771864503
0.273349612951279 10.0152536977988
3.35065410286188 -8.86681611172479
3.46561278402805 0.894838038622173
-1.00718926265836 -9.7106532252534
2.75898153707385 8.16431114647099
0.373902155086398 9.84091696588353
3.73921453952789 -0.117536941483925
1.30336956121027 6.73382158145537
1.30083797872066 7.23807994905629
3.60204130038619 -9.80256490943572
-3.99598360620439 8.95260065151316
3.24021790921688 -9.23946897086948
1.91750201396644 1.43905970564222
2.53173872642219 -5.71883767907239
0.674984322860837 1.26007742632126
-1.15851929597557 -8.54437186180866
-3.65702419728041 6.87088736253918
0.820016957819462 3.30478374022517
-0.418329741805792 5.01240948188132
3.33123101480305 3.71128959677464
-1.99335827119648 -5.26486245774443
0.736751280725002 9.43262619258886
-1.37028198689222 -9.72484382336598
-1.44474284723401 -9.52488359540798
1.45021043904126 7.08320167466705
3.56359201855958 0.89697848795481
-1.7842330634594 -7.9258386313779
2.22769080474973 9.22747191842616
-1.94217830710113 -7.45527512762931
2.75059643760324 -7.68326372041439
-3.41927370987833 -6.70608480554023
1.70645174570382 3.00900152116508
0.547144867479801 2.071195047203
-2.904182177037 -8.40998943118405
1.67337071895599 9.03128886485124
-0.606693686917424 5.00457130509442
1.72995877824724 10.280780943343
-0.349946597591043 -6.39668827766063
3.06252356059849 3.01124594225538
3.7824347615242 -9.04283041501932
-3.92794467136264 -3.56714243641998
-0.872936017811298 0.755227337309989
0.106016304343939 8.37440869543249
-1.94981529936194 -5.94022884740872
-3.27157468907535 5.90796945659976
-3.32430638000369 -9.8024452734864
1.82933429442346 8.12525319517072
-2.17729380168021 -3.59653924017305
0.255130160599947 -2.06226540986095
0.117890061810613 -4.45864795479164
-2.85923103801906 0.730553053151114
-1.63638442009687 -7.75033146500307
-1.17695127427578 -10.8495001192951
3.5142510458827 0.971085015802021
3.35739030502737 3.59223930891397
-1.59653841517866 -4.5551645524348
-1.64718795008957 -7.27076200146442
-2.05383644998074 -3.61228611639867
-3.66183333285153 -4.95125308346148
-2.76185602881014 2.99207982609503
2.89572805911303 6.31987328421486
2.48319859988987 -5.1591402070986
3.03161551617086 6.25167096663695
2.63799189031124 -4.59047882604894
-1.82501238398254 -8.02522415720439
-3.34099182486534 8.30398439489908
3.60758979059756 -9.1033467135673
-3.19317890703678 -8.73970083330517
-0.527625825256109 5.45819448927864
2.56381388194859 9.74217425141227
-3.18937326781452 -9.22533702909599
3.67774465680122 -9.60736934698971
-0.961705828085542 -10.4777853299705
-2.30941494368017 -9.7755454906105
0.803069723770022 3.17627228092902
-3.60701359249651 6.48963380858269
1.70481965690851 4.08357193072439
0.397226652130485 -0.574112806416689
1.19946081750095 6.31611989481695
3.30695573985577 -9.76174521503657
3.13443211093545 4.55805822511522
-2.24616204574704 -10.925136888248
0.730529528111219 2.28691163835453
-3.06715281307697 4.04897677899936
1.57874748669565 6.30781601916658
3.37194488197565 -9.81695541545253
2.77964000403881 -6.30723202633407
-1.43455190770328 -4.83372186021492
-0.528359279036522 -9.39025184656895
-1.86716563440859 -6.9193180847315
-2.28554742969573 -3.97891830207519
0.0516814347356558 9.09389021306063
-0.888693004846573 -9.69045333694563
-0.635765442624688 4.47512037729811
-3.27035297453403 8.56320095708057
1.42272160574794 5.37445414796054
0.158544635400176 -2.79531924744988
3.07862861081958 4.30803710146127
1.54238536581397 3.98089121302512
-2.51979192346334 -11.5324800320181
-2.81983749009669 1.68979655142883
-3.5934524834156 8.49795290620879
-2.46164069697261 -2.50615703251741
3.14538551494479 -9.77569342998783
-2.92927588522434 1.84955726515653
3.87600307539105 -7.78677630326017
-0.129049653187394 8.83900369608974
-1.04212480410933 -10.3151740167586
3.37357083149254 2.21689620064314
2.61051107011735 -6.26665279336862
-1.89226569235325 -7.21440630850356
-0.234058124944568 -7.99401471750478
-1.88144664280117 -6.610173567781
-3.02921725995839 4.54281371616466
-0.0808207709342241 8.45315311939766
-0.150328179821372 7.755478940497
-2.68270386569202 1.83607327056911
2.73292894288898 -4.29489721086046
2.75952380150557 7.53374852306646
2.38164734095335 -5.46093475291919
-0.949109112843871 0.890967787927823
1.30182237178087 7.32588810293846
2.96787114441395 -8.0575872440081
0.544255901128054 0.879254503929555
1.90988316573203 12.7269447739002
1.45542616210878 5.73895968928263
2.29345009475946 10.200981916407
0.418760981410742 -0.71441694743177
-3.44358566962183 7.35841425175436
-1.39050732925534 -1.26366332749612
-3.62870024889708 8.54720882139606
2.32081125862896 -1.50822525328357
0.188113423064351 11.8546082110454
1.29618405923247 6.43317627329964
-1.11953681148589 -0.313023514473624
3.86444851756096 -11.3071329213334
-1.06231391616166 -10.7961654196918
0.777058776468039 0.846998538423428
-0.325601689517498 6.64020332472315
0.567543476819992 10.1030812655138
3.56212374195457 -0.612716495506818
3.26174063980579 2.89696588325551
-1.4231097009033 -5.93206658461851
-3.18929980881512 5.33874229933847
-1.85270590148866 -7.37103415512917
2.66343560256064 9.66948896918552
3.58533958345652 2.42387656836769
-3.09759549051523 -7.54408979445464
0.707898400723934 2.04281566429105
2.82626174762845 -4.39129428707185
0.766181683167815 9.09281697795937
1.59679231233895 8.24777932846594
-3.21876420266926 5.48097964178602
1.53198430873454 8.39768115116403
2.18515372276306 -0.557888248591634
-3.68667454645038 -4.71374590432737
3.02983002923429 -6.90585039922013
-3.00825539790094 -9.07906340898118
2.09981695748866 -0.536588008304384
3.80485327355564 -1.98629331882758
-2.99871161580086 -10.4346927267974
-0.0367437228560448 -3.75148149569947
3.41218383610249 -10.1015266129989
-3.61596990376711 8.63773567021758
-0.93652568757534 -8.88491356779674
-0.644878700375557 4.41294234346962
3.73493074625731 0.214705688403907
-1.04147661849856 0.184438447497343
1.43153054453433 5.53034245827876
3.7282842323184 -1.45398819822091
1.29117728583515 9.04619483296944
0.0797013510018587 -2.56069345597871
3.82128817215562 -11.0551649090087
3.77116599678993 -1.63902410254528
3.09232522919774 4.25573666804336
1.07499489560723 5.70789751442896
1.41991597041488 7.47633841105445
-2.98144492693245 4.38907004923846
-2.27267900854349 -2.6149743215654
0.89974008873105 4.60445941064217
2.53099478036165 -4.55173138254274
-1.35395629703999 -4.03392047716049
2.23175130411983 -0.977338828421748
2.19524883665144 10.8872551601074
-1.5686367675662 -9.36922248781286
0.649629205465317 0.2414744028591
-0.693900372833014 -8.94811261949163
-0.978842720389366 -9.14331074320267
-0.867175912484527 1.34852724716959
3.76047718524933 -3.87831126736055
-3.59910634718835 7.08067627284344
-3.01851259730756 -7.99669012802502
2.00958846136928 9.34406305576931
-3.15365820750594 -9.31223772118536
-3.45363905467093 -7.54543637752602
-2.17114233970642 -8.1974715474865
1.08099967613816 7.89541971102828
-1.00185476057231 -10.7150614573902
-3.51211037486792 9.07569839061503
-3.02858887799084 -8.35024074915735
2.64454675093293 6.8529836895608
2.17777824960649 10.9823851509276
2.35655452124774 9.62862940894184
-2.03226184472442 -6.3056807597947
3.7554270401597 -10.1142010083061
-0.696770168840885 -11.8935342365676
-3.05724043771625 4.3090556090187
-2.29892932809889 -3.50196064073849
2.64148648269475 -5.05548978812282
1.94476371072233 1.09252404360866
-0.682255642488599 -8.24557938995148
2.74308798834682 8.07642097725582
0.683919308707118 10.2363674048706
0.475543901324272 -2.04051075623302
-1.28498496674001 -3.39581898264436
2.3779313210398 10.3150242882382
1.287567878142 6.33779341423894
-1.70787496678531 -6.86298278588145
-2.93432018347085 -9.51724668831379
-1.12833915650845 -1.05049964912805
-2.53205111809075 -9.25613076891036
1.31213089451194 8.13911625481294
2.35251923650503 10.9354366641515
1.82404637895525 2.85555731701847
-3.98440049961209 -1.94463376570212
-3.49333487078547 -7.51997377544484
-0.859889367595315 -12.45785149112
2.99604342132807 6.24518591768642
-1.3719178866595 -4.02952205562766
-1.8524613622576 -8.87655246510557
2.17856509052217 10.079871989571
-0.744705799967051 3.076967956469
1.33302504569292 6.39272021808111
-0.0736253522336483 9.83154539668952
-3.29738346301019 3.03973927920221
-3.16243580915034 5.29595476842449
3.44757520593703 -11.027634955968
2.15906076692045 9.33891529642319
2.83563045784831 -8.37678175351977
-0.641519591212273 -9.57537037478219
3.39796312712133 -9.80692083662946
0.217946277931333 -4.17066006422582
-2.67758761160076 -8.30892952425158
-1.30583727173507 -2.09522411956353
3.7726808283478 -2.57571189602972
1.48365903645754 8.01167862230507
3.08814690448344 5.91560654949727
1.23326494172215 6.12960436934116
3.01057971455157 -8.06226408705734
2.76822546310723 7.78203947431054
-3.09515019319952 6.01222520662128
-1.95853350684047 -7.0966797380092
-0.216950567439198 -5.80391601357935
3.2236686386168 3.46521891755133
0.597367003560066 10.5154757685249
0.126681063324213 -3.69686923072597
-3.3153874669224 6.5517225118222
-3.4751183707267 7.51005268232186
-0.638677062466741 -9.5622246799425
-2.0660944506526 -9.15410733941627
2.2525476180017 -3.23109818718991
1.71597121655941 1.85465991897715
0.98865950293839 8.23547704856693
-2.91707051917911 2.49919507871464
0.762600410729647 4.39752026431188
-3.75305674038827 8.39526912502039
3.40819484554231 2.3648465616095
-0.831777950748801 -8.71998212721164
-2.19810263626277 -8.09160596459678
1.55424254387617 5.00357167537723
2.28909931704402 10.9328513394897
2.65588190220296 8.96495155110263
2.85724884644151 5.95871931454696
-3.49399808607996 9.00638248901522
-3.23531311564147 6.60244123371345
1.95023407414556 11.6769400324207
-3.81393910944462 -3.6761138398238
-1.64425097219646 -7.35860677525825
2.65293599106371 -6.77207765405889
-2.55072315596044 -2.82006158291121
-0.791864935308695 -10.4588956520421
-1.60868299938738 -4.43750625044915
3.93355501070619 -2.11115145590235
-0.405961057171226 -9.3447397702293
0.999984843656421 4.80680420066244
0.0415901076048613 7.6673462750254
-0.087868008762598 -4.66058388673429
-0.498509651049972 5.03975580787922
-3.66613447293639 -6.6620626269028
-2.39104099199176 -9.98309862771604
-2.32685373723507 -2.59592765415338
0.812415536493063 2.38468263847769
-3.32805077731609 -7.23105590044339
0.839398870244622 9.68802655052757
3.98244310170412 -2.41957087406186
0.651461467146873 10.0456105056179
-3.19729923643172 -9.13574548198481
-0.939992362633348 1.07037410402315
1.86263593100011 10.1932743597118
0.495240043848753 0.141742415270234
3.28095987066627 2.2092544351616
-3.43929361552 5.15631440289005
-1.01567764766514 0.880895620229933
-2.05340665951371 -7.10009433283146
0.459209360182285 -1.52757620350295
-3.52441765367985 8.32547062773108
-2.88272820226848 -11.2482379214518
-2.56101551838219 -0.621018912214231
-0.01907679438591 -4.63698453413564
-1.05176576040685 0.225482119073255
-1.12761926278472 0.113421641408759
3.81203234381974 -1.69810997057477
-2.19502837397158 -4.62751467236081
0.0491267833858728 10.3184577438305
1.79790925979614 3.04569116983767
-0.669679991900921 3.41589931835981
-2.38003305532038 -1.497894112475
-1.85175423510373 -6.7266292752858
-3.51063882000744 7.18135428849578
-2.32403039187193 -8.77730088515404
2.35794585756958 10.095897898767
-1.38307501748204 -1.22004568844251
0.640326526015997 9.90824425806511
3.03131131082773 -8.03464701265666
-3.58151263743639 -6.29427483745913
2.9784720428288 -8.59025155687156
-2.0738276578486 -5.63611105034596
-0.98763919994235 -0.373778703089621
2.4214693531394 -2.79812972448971
0.286808785051107 -3.10890483413771
-2.72593639791012 -11.3521412243706
0.735740151256323 10.4700838164485
2.24639268778265 9.5273775428516
-1.2653290014714 -1.14189206463035
-1.02676420845091 -11.4592993851213
-0.45083074644208 -7.07047594989317
-3.37518675811589 6.21325573955466
0.0627698209136724 -3.5747028911541
1.44886675477028 6.30992214248226
2.91954206302762 6.33066618140101
-3.94874489679933 -2.11810231289537
0.365403482690454 -2.69259565542413
-1.9290576018393 -4.49956927029053
2.31983535178006 -1.50544689239161
-0.274084141477942 -7.08523092840107
3.65044593624771 -9.82395572146147
0.79250205680728 10.3809501443045
-1.5897269025445 -8.01321434679084
0.811296280473471 3.24506704442194
2.13156656548381 11.5201518920048
0.36487159691751 -1.76372800915921
-1.76273052021861 -6.97045571673628
3.33574153110385 -9.78959433114151
-3.77730969339609 11.2301535373479
3.65434830635786 -10.4211308319582
-3.33997231163085 6.55811822525782
3.7321615125984 -1.25705316750203
-0.000690609216690063 9.68206246159255
-3.24099166691303 -6.98772200024987
2.39930156432092 9.32921985793805
-2.32009233161807 -3.06771098895974
0.448534030467272 -1.20469608799208
-3.16741890646517 5.6349597315491
1.70232539996505 10.6906178720921
-1.29751481674612 -1.65033943736267
3.81939300522208 -3.94820108743093
0.959572967141867 8.19632553414971
-3.56377549283206 8.91586796497933
0.593551220372319 1.62704960412925
3.63730920664966 1.17069122099088
-0.731338726356626 0.490726003268787
2.30246547609568 -2.21197639575479
-0.493665233254433 -7.3609864869948
1.59435331448913 4.62773254231939
-1.29645643569529 -8.85363999442053
-0.480328535661101 -9.10848920408536
-2.44227580912411 -10.1059635660924
1.41274870559573 7.21246236175832
-2.14734458737075 -9.29069707633244
3.49324757605791 -9.76451176454021
-2.37169847078621 -10.289509179248
0.790105091407895 5.23657312043194
-1.55197311379015 -9.85861683152114
3.50024009868503 -11.2101603965808
-3.34738282114267 -7.69736537932986
1.42458231374621 7.99910874648532
3.12951168417931 -8.26768579186793
-0.5965556204319 -6.05093210756109
3.79582749307156 -9.61998955687132
-0.0317628942430019 9.59814421625383
-3.23770590126514 -9.16880564690537
2.86422589607537 -6.35113053421149
3.16284117288888 5.04691508891426
-3.2131529301405 3.84287741936721
0.360652016475797 -0.935823316701473
0.614765016362071 3.32184470596651
0.0853779353201389 -3.83012773878698
1.20343560166657 6.18729796006237
0.186461390927434 8.66611778363032
2.58726037666202 -4.45408078923906
1.4097575712949 6.93313092448647
-3.40915424004197 -6.86898612260178
0.327239081263542 -1.36233910730765
-1.15257355198264 -1.45166489760667
-2.44286466389894 -2.04997315212945
1.89415705762804 1.41711665507696
0.439354252070189 -1.15415668160817
-3.33415034227073 -8.82539520648597
2.47270216979086 9.37791051014554
3.47996592707932 -0.00187007169080777
-0.745988491922617 -9.64292193626835
-2.61960858106613 -1.42474675737173
-3.11682564765215 4.32128154788287
-0.668940618634224 -8.69721634947387
-3.60529289580882 8.84005020421097
3.06337100826204 -8.03072157141389
1.86608807183802 8.5873508172644
2.90417245030403 8.50101331481476
-0.203868413344026 -8.39017509166671
-3.5979253705591 -5.94910654879868
-1.78792616724968 -7.86179334936257
2.86353710480034 -5.39482507329485
0.713960327208042 8.93220352080951
-2.42672621645033 -10.0506372778188
-2.05426714196801 -5.63528004074095
-1.86319052428007 -7.39519854814034
-0.262585556134582 -7.40585904032577
1.21651648357511 5.31529350111827
0.900107868015766 4.92536645767602
-2.76956981047988 -10.2123706241193
-3.83415714651346 -4.83677655051372
-2.68136908300221 0.122213223481155
-2.70016824454069 -9.71508566046637
-2.78881912305951 -0.0949125916420603
-3.25484350137413 -8.68139057637607
3.40741936676204 0.0339797383875955
-3.13611172698438 5.48775447157726
-1.88740297779441 -6.82691589750124
3.51783149689436 3.14859454524155
-3.2349091861397 5.58048474078521
3.05372066609561 -9.07369060401903
-3.78646170347929 9.93092048922762
2.22133074328303 10.9812954747152
-2.2754932064563 -3.98999488790897
-1.15680435299873 -10.2580276166491
-2.08990861102939 -4.83728011070815
3.05518452450633 5.78917040000927
-2.69098603539169 0.479383371580371
-3.11187385395169 -7.480857444015
3.47354410216212 3.65571214396068
-3.81625301204622 -2.82404890002597
3.6925910897553 1.53782552105052
-3.99012172408402 9.34971912873682
2.17139576375484 -0.624328318302321
0.719280205667019 8.65594246741155
2.60662185028195 -6.29271014210351
0.116371521726251 10.4869490722523
0.41160961613059 10.1723402741787
-2.28210260905325 -10.9453344717261
3.60028279386461 -10.6035417840067
1.50108202733099 8.08472721946559
2.17981048859656 9.75004639348588
0.135176382958889 -4.53721727949849
3.50634547695518 1.49093185075785
-0.95109479688108 0.926379514646499
-0.180759716778994 8.67779327866639
3.18966043181717 -9.56286559267211
0.59428172186017 10.9163722499911
3.40047245845199 -9.05740049989344
-0.743312731385231 2.95659217512292
2.81114193797112 7.14684176781765
2.74934875592589 -7.10210212025952
1.79687722958624 3.35794570129313
-1.8431934453547 -7.18873685403579
-2.73359245993197 -9.12646515923215
1.56218544021249 8.7861515017795
-0.784472847357392 -10.8612836582496
-1.32564979232848 -8.57985785398515
-0.141675522550941 7.44809601378076
-2.84234303049743 3.4819737101488
0.475634293630719 9.23057583522961
-0.967048278078437 -9.4870577681192
2.94558404944837 -5.79338045385204
1.97169110551476 1.63263419649175
-3.37695242092013 -8.59085318224224
-1.24069005250931 -2.39784056993301
-3.29911838658154 -5.80619939081953
-2.56374312564731 -10.4320996582252
-0.191523870453238 -6.21559520416949
-0.0784624498337507 -5.9016165271215
-3.4347355607897 -4.62384966204435
0.428281972184777 -0.189802674722269
2.94351975806057 5.5770777668758
-1.27477309480309 -0.936690161231508
-0.534128244966269 -7.48657963743997
-1.74065790139139 -8.09951646995968
-3.97165821678936 -1.68279847979696
-0.372123571112752 -8.00422263852739
-0.753961905837059 2.63020718255907
1.84665699489415 9.86859931018046
0.669734109193087 8.46597510635909
3.64530832506716 -12.023009632125
-2.23776634223759 -3.97532126931722
-1.55960386432707 -7.93841819697692
-3.177675049752 -9.39337525882154
-1.83323538117111 -5.16469071544657
0.0415724162012339 8.84488390853968
-2.40541262738407 -8.48962487616007
3.11601824313402 -9.59151749038303
2.1037634704262 9.76853985548194
-1.47356064803898 -9.09337572878707
1.35994008742273 7.73945998145006
2.93253636546433 -7.65001634189604
0.317651409655809 -2.49942371703604
3.35538712330163 2.36078807900891
3.84889565594494 -2.0691095079379
-3.17516978643835 -9.47741933643612
-0.984761442989111 0.163715906937518
2.45319066755474 -3.86792336375239
-2.24090284109116 -5.10134553435423
-0.343955526128411 5.2953923965009
-2.341796182096 -10.3401833753506
0.77653381228447 9.57652907512777
-1.3715586271137 -4.19780684741643
3.68309705145657 -11.3299778668612
-1.42845348455012 -9.44581677387005
2.69263282231987 8.57029108905927
-3.03917866759002 3.10133341043823
-1.48207502067089 -8.2450065171863
0.275818150490522 -1.91772623583645
-3.46640366129577 -4.33005670166785
-1.81168968230486 -7.69548654200494
1.1339207906276 3.95178676588951
0.671946873888373 2.88294043718683
1.60881611332297 4.99637823494842
-0.659166289493442 3.35494836682766
3.10035885311663 4.18554431551463
-0.674851911142468 -6.58736283740418
3.38844086788595 -9.69745872231714
1.90901469066739 2.15191495203755
0.682361625134945 2.92931053525766
1.33176890015602 6.02085365537178
0.53226019628346 9.79032221468314
-1.51816009357572 -6.18407852442444
1.36234852485359 6.30278734197389
3.11099546402693 4.0284590948526
2.88555848039687 6.76975997074957
-2.4963331092149 -2.35180719191494
0.531794602051377 10.6160854871593
0.502492366358638 -0.297989993824428
-1.21105104126036 -2.47274478235195
-3.70224525034428 -3.6074543515936
-2.83280115202069 -9.95768297508983
3.1300327591598 5.95046426090274
0.0435287393629551 10.5255646647193
2.4227009024471 9.57824766633148
-0.0487552303820848 -6.55410782654245
2.66376009583473 8.91329004304313
0.00133638828992844 9.43253503503002
1.10611633583903 8.27963547838304
-1.2261571045965 -10.5441623645632
-1.91370797529817 -6.06103276954178
-1.78192496672273 -7.80594442045141
2.42107415385544 -3.22242097124715
2.58215933851898 8.28597034844238
-0.189450316131115 -3.92571900908048
-0.456325167790055 6.29797934906928
2.46181003563106 9.87725269085238
3.52357636764646 -9.21572118503056
2.28722123987973 -1.30977741115107
-2.26536071486771 -5.38086970062465
-1.60390856489539 -9.83174745572244
-3.73923671245575 -4.90825492709845
-2.48910591006279 -0.101894772471505
-0.508389236405492 5.76135361595271
-2.52048515342176 -1.04289296498583
2.5528071988374 7.84902553448907
-3.64847282879055 7.69893907955016
-0.487921219319105 -8.2807864938362
3.39829109236598 2.47707385186457
-3.54252881929278 -5.16418625667347
-3.14964595064521 -9.21463270543797
-1.75953919999301 -7.46876558832314
3.44456511735916 -11.3617864565537
-0.124561561271548 5.99531414668005
2.1297963783145 8.24461024982118
3.23148359172046 4.15161834212771
-3.54862155765295 -5.13695523041683
2.95476376637816 -8.6701646509051
-2.05420468561351 -9.29545675102811
2.33080402389169 10.1562434478752
3.83741394616663 -0.916682910122278
1.45052849128842 6.40359661514957
-0.977739352732897 1.13040682082448
-2.33650426566601 -8.84590565106432
-3.37918070331216 5.23611673952175
2.33088691346347 10.8057568549363
1.15586794726551 7.92166488592603
3.10771358013153 4.35089126505738
2.55385628156364 8.72049149737468
2.16813553310931 -1.70419603339689
2.13919853977859 7.99372979953184
3.04248838871717 6.94092525566139
-1.50650400854647 -11.9762801978737
0.955815382301807 8.5525704485247
1.79768062196672 3.48188460102155
2.76633613929152 -4.66192521900612
3.26389572769403 -7.82538648017146
3.35821062140167 2.60500085654075
-3.15787489712238 4.78746837625481
-2.6683890093118 -10.4696827235701
0.213393630459905 -3.12189951536901
3.48508280515671 2.65953673439781
-1.12059862911701 1.16887206957816
2.22260010428727 9.83518903236008
-2.86048852838576 0.069858123206926
2.07768438383937 -0.184679991431495
-3.46173625439405 -7.00874237230188
0.23451909609139 10.3349978684934
-3.02069307863712 2.30728158221878
-2.64171454869211 -11.5793436158983
-0.893470693379641 -11.0523865220116
-3.15493301674724 4.83188095147838
-2.68533723242581 -0.385987557054949
0.95151698589325 8.97730817772405
-3.46873515099287 -6.27022673383504
-0.459058232605457 5.66450899551543
1.47326886095107 6.33598384280158
2.85255018249154 -6.38066120801529
-1.04020955041051 2.63908812528077
-0.0520853009074926 8.52135741363611
1.12916673906147 4.89528892411246
-1.15770757570863 -1.82590483901192
2.43875818885863 -3.82363789600527
3.47722433879972 1.49164834384223
-2.341114660725 -9.23502079031815
-0.837018243968487 1.73239701753661
1.56308189220726 5.55877025495626
-1.99992463365197 -7.066462180073
-2.7510010804981 1.50139859316551
1.99254277907312 10.9407179234127
-1.98669011332095 -6.44234060974347
3.46887091733515 0.62745145101435
-3.49075104482472 7.91930883997304
-2.68547314032912 0.812022024773254
2.28957427106798 -1.20682669087235
-0.861254161223769 4.16380647103383
-3.51105518266559 7.99121673035544
-1.08062554337084 -10.4481617861219
-2.57071670889854 -8.74715068307914
0.104647036641836 9.32990058890774
-1.44034484215081 -8.4787111720972
1.0379608720541 4.10235462146351
2.68653261847794 -6.2228430305506
2.13860705681145 -1.85920041034512
-1.18186652846634 0.130303568908993
2.81972149945796 6.61224534962231
-1.58139944449067 -8.51421095881595
-2.13756428472698 -9.09260627633166
3.34440219402313 3.47168369174797
-0.044553492218256 7.55934586783327
-2.79909139685333 -7.6052830090167
2.27629128284752 -2.03032931073417
0.687958285212517 0.885485260696731
-1.79122882522643 -6.88429773781086
-0.832139186561108 -11.453342427095
1.4073570612818 4.35815435625294
3.94826791249216 -2.65489147491424
3.67549203336239 -1.25887754337293
0.759504780173302 2.93837950422416
-3.2822781316936 4.68087569854935
3.83761139959097 -1.92107086450265
2.12425067089498 8.29408217916822
-0.916419669985771 -9.40696218111921
-0.230314271524549 -8.43020351828769
-2.96879408322275 -8.73041430953029
-2.73304732888937 -10.0761355060673
-2.14293086715043 -8.62359246298479
0.83076230250299 5.61970575674719
-0.583140656352043 5.62606056587145
-0.157812612131238 7.32367576499231
0.894684754312038 8.20639432074798
-2.77621134370565 -10.2766421873716
-2.69742267020047 -10.7418919979273
0.0634301882237196 -3.74396787498352
-1.63666582107544 -6.00642395786798
1.76432379148901 5.387699444915
-2.52630183286965 -10.1004256729627
-0.626341979950666 -10.7310690774795
1.12083754502237 7.56576353377414
3.71097079664469 -0.962339153370986
0.579933496192098 11.1000560928066
3.52761406823993 0.442938063569602
-3.28604164533317 -8.22711252344851
-2.19002109952271 -10.5982675155152
-2.3490581959486 -9.87352982566845
3.32769406400621 2.77744408366288
-2.44143596477807 -9.83067993866133
3.17143955826759 -7.8256434090671
-0.0417601838707924 -3.40806762894371
-1.93052581883967 -9.20919671152469
-0.0991550367325544 9.03166666892106
3.53330586478114 -0.701270934185682
3.2794514708221 4.85478897845035
3.61695337295532 -11.3239577995421
2.94477660953999 7.41012576033795
1.87522065080702 8.80985954850816
-1.07502227835357 -8.4762028158214
2.5106949005276 8.35443942333812
-0.463889015838504 -6.70589455010499
-2.75502382405102 -8.87080587558496
-1.03289330750704 -0.188842253520496
3.75077955238521 -0.941755924446793
-0.417821304872632 5.98632663146125
-1.78905038163066 -7.69036190615097
-0.344896573573351 6.63076964728714
-1.12628229893744 -0.321683981027195
2.32772783748806 9.52977663793183
1.5641942191869 7.85680950829388
-0.7080731485039 -9.36812993801378
0.328598337247968 9.37692678940886
-2.06423889100552 -4.74041651252669
3.63056474365294 -10.5168010607468
2.45120693184435 -2.16359250267904
-2.15031725540757 -4.71285399398107
-1.38233957253397 -2.60086108648598
-1.63702065497637 -7.32148253271275
-0.315484143793583 -7.0333521111905
0.830615231767297 2.45769947662999
0.425264468416572 11.0374832456842
1.70785923674703 9.68994938016892
2.78670163825154 6.78698173769432
3.98639345169067 -1.57202195322706
-0.377769125625491 7.21395450314206
-3.22563267312944 -9.0895984211177
-0.46483682654798 5.53144941736646
2.94359281100333 -6.29792653851185
1.09067594073713 4.55258370903158
2.50523263961077 7.42303494338994
-2.25009674951434 -3.29458885911235
2.91942897066474 -7.23358422567471
-0.0919586811214685 8.56073242315595
-3.1823016256094 -8.87576895498594
1.84982337616384 9.72149463240967
1.13624898344278 7.70567384949583
0.0785763785243034 9.37303018863288
-1.51983051560819 -9.69407529910732
-1.63800195418298 -9.21198271542871
-3.68169256858528 8.24665340216784
-2.83422098681331 1.0104751176669
-2.53223026357591 -0.448297470524655
-0.143761783838272 -6.13019397262278
-2.81402655318379 -8.68276963686472
2.5253799110651 -4.72402661173752
3.59407517872751 -1.05639491655808
2.88132426328957 -7.30130918069757
-2.08356526680291 -9.12509037425317
3.28776823729277 -8.54715424990444
2.52320623211563 9.38644371577695
1.75055995024741 10.1614894355711
1.82174227386713 1.99065125364946
-3.35240885987878 -6.62232246498317
-2.29288591817021 -2.98543566681328
1.5707463491708 10.0797412376239
1.63816668838263 8.68952799656577
-0.312606941908598 5.83937500704428
1.68817772343755 2.45531442278783
-1.11977390386164 -0.30626184803293
-3.00358567014337 3.97145425710115
2.41286996379495 8.63512340134
2.12648794986308 10.4516242069583
0.384844211861491 10.5635400985888
-0.017360283061862 -6.0610032594986
-1.59600069560111 -7.44154722409764
-0.756911139935255 -10.6842856973384
-0.582466948777437 5.54517405581828
-2.49606703221798 -9.97506670178729
-1.46842904388905 -9.85248905168158
-0.552730083465576 4.66560362193644
1.15399113483727 5.84375077347487
-2.88805033266544 5.08615336672226
-3.25192723609507 -8.10889294049979
-0.0765560064464808 7.16524084973316
1.32010220736265 7.63152293785342
-0.422446265816689 5.14386757364951
2.64696359634399 9.1610841998435
-0.775072239339352 -10.5820655590063
-1.70788958854973 -8.55826582872883
2.93836940824986 -7.17220083360396
-2.83725094236434 2.35376668824025
-1.85661853291094 -6.16271771391388
-2.59125778079033 -0.895760235292476
-0.421090457588434 -10.0027513183299
1.81505167298019 10.2154173737244
2.44931437447667 8.62681183197911
-2.79282405599952 2.88707599466258
3.25396114587784 -9.93124284330963
2.95497698895633 -6.7067907779462
-0.332080433145165 -7.04115995902648
-3.79726270772517 10.3208767816365
0.208111913874745 -2.41502992722657
-2.09168654307723 -6.33634947205777
2.91316226124763 4.68246988920278
-2.85640368238091 2.37682985633709
1.00362806022167 10.7678661092258
-0.0349860992282629 8.5717575289804
1.03992030210793 4.32005791390423
-2.60473726503551 -10.4744682587072
-0.820663049817085 -8.75247704200781
2.15606667473912 10.7598037242759
0.318048693239689 -3.49755760637953
3.53891079127789 -0.448026196732254
0.0231088269501925 9.78598034832849
1.70750978589058 2.62653256956339
1.74157203920186 10.7052744737647
2.7039625775069 9.91943788167353
-0.462171051651239 -9.13368970209723
-0.415594195947051 -8.58245475704653
-0.96520140580833 -1.04901458393478
-3.74026979319751 -4.90520872100448
-0.239076452329755 5.31830241778106
0.456469492986798 -1.657999071195
-1.41569495759904 -7.66202289918237
3.34779326245189 3.67988168465454
3.51361302286386 -9.23552171384317
2.22808893024921 10.9496619363784
-2.84306478686631 -9.30039477121624
-3.99411154165864 -1.01810779713903
3.09887603111565 5.15895375804768
-2.80052527412772 -9.30860569160546
-0.0333374906331301 -4.73153773764257
-3.64357633143663 -5.76938283118671
-3.82669746316969 -3.77047310704935
-1.20112738758326 -0.78941365796368
-1.65664500556886 -9.81306577657748
-3.74165681004524 8.97394408654171
3.0092453751713 -7.94860105066583
3.1331559997052 -7.83102690734989
-3.21584478579462 4.63300478090621
1.1271583661437 4.94297626744885
0.421690404415131 -1.39756270046882
3.34636988863349 -9.27895339781874
-3.12217042967677 3.62321711393444
0.531853318214417 -0.593207216050277
0.258382070809603 -2.773818803048
-1.99509165436029 -6.40796955607582
2.7761323787272 -7.8142852712535
1.83970185182989 2.0541998953846
-0.650455301627517 3.90221483596202
-0.762445621192455 3.84184294338801
2.64572775550187 -4.94679521539989
0.57941871881485 0.581332997182125
2.13588278740644 -0.168269763646925
-3.15813989005983 -8.31502418796795
3.09403116814792 3.64464261391049
-3.11145002394915 -7.781137999779
3.26945875585079 -8.81025639018361
-2.45159621164203 -10.9711638993532
2.73155234567821 8.20697783568694
2.96126290783286 -8.14007756502202
1.21526313014328 5.75299735378433
3.9904878474772 -2.49251008249865
0.198666669428349 8.89852479471802
-1.11227711848915 -10.313195922125
0.437896465882659 0.151787058936325
2.86334431357682 6.77872011842215
1.1345204655081 6.14068484061044
-3.98711635731161 10.5729272336646
-2.52853243052959 -9.35108738414291
-1.86349360086024 -7.68577557604412
-1.79074780084193 -6.73779192093345
-1.21871255524457 -10.4159277464628
-1.52615356072783 -9.17159111803706
-0.621711099520326 2.94237026918354
-1.59938327968121 -8.65926569588495
1.37137026712298 8.52451470502137
-0.886783650144935 -10.1436355750795
-2.16810519993305 -9.85566683692272
-0.177047638222575 -6.36777491059055
-3.40665819868445 -6.61986076907468
-2.29307756014168 -9.73807881829092
2.69237827695906 8.83950532944723
-3.89815322682261 -2.49703119012907
0.310617303475738 9.93548177351951
3.82543628662825 -8.3974760052975
-3.42219785414636 7.52863249365492
-2.34308230876923 -3.43619919751847
-0.178397161886096 7.4041623528879
2.77299220487475 6.94043096147824
-2.64659139886498 -9.89564189661191
-1.85276959463954 -7.58166309927564
3.61123526655138 -9.92461082200086
1.53089872933924 5.38066337938277
3.28056663647294 -7.66570098359142
-0.43539453484118 -7.18864623584943
-3.99398570135236 9.95243921745974
1.80963845551014 7.93504105281599
3.53629778884351 0.663338360638786
-3.74214700236917 8.59578549937379
-2.3519062679261 -3.18081951255721
0.75147414393723 9.93021413887445
-0.12835992872715 9.26685402931384
-0.474762009456754 -7.08005170086279
-0.380476847290993 7.1417804635117
3.33864096738398 -9.13989330128684
-0.0184385795146227 9.56993357612906
-1.03839248605072 -9.65910315144764
2.48590674251318 8.72318359114127
-1.20811541378498 -9.29436663376196
-3.43928720988333 6.28707813080771
-3.73631160333753 -5.83935585642159
3.54295984655619 -10.0265928020002
0.521812645718455 0.77264336159218
2.73146431334317 -6.94580332074007
1.85608675330877 1.34021877161552
3.84855412319303 -2.49250476349595
-0.741903655230999 -10.2767576154134
2.46627961657941 -2.93271175119407
-1.76126659475267 -5.78100408131473
0.365180851891637 9.83329614760165
1.12560469470918 8.11970344551215
3.26917356997728 -7.44723798369849
-3.0737486705184 -10.4151182090279
2.48745485208929 10.2717062887578
0.988116282969713 9.48343342804306
1.34332054294646 6.67761660740108
2.75458856113255 -6.76194965606271
-3.42604646459222 -6.61968249660097
-0.522357039153576 -8.14449909054746
2.01092443056405 -0.0123468522922866
-1.20879876427352 -1.3852317258414
-3.57522109523416 9.01245106955194
-1.09208402782679 -0.185861494102279
2.1236834321171 0.6535664750725
1.49191486462951 7.56131481285011
1.88438500091434 2.69434575269156
-3.18785471096635 5.29324090151305
0.0403455812484026 9.85874778183977
-2.4016344845295 -2.05023185590494
-2.93430048413575 0.284190730012631
-3.45847908034921 7.64402511234363
-2.27453529648483 -9.77746071380013
-0.841885928064585 2.4660204335365
3.62761386111379 -10.5488829784934
-0.120618214830756 7.81488745178498
-2.16959777660668 -7.20721322176671
0.274433117359877 -2.65869612062742
2.31481918506324 9.15703027372696
-0.533395567908883 4.63108961051475
-2.2616273984313 -2.07499542385718
-3.73056386783719 6.81583809979266
-0.331151584163308 -7.13034813360461
-3.19365278445184 -8.57709503745295
0.765456529334188 10.829309677843
-0.930834786966443 -9.06141723222529
0.863420190289617 9.10907353130785
0.869211899116635 4.40791575694296
-3.92497560568154 -1.89043296562268
0.5963828060776 0.897785395606596
2.60476741008461 8.15599250084844
-2.82276246510446 2.19345533763571
2.95898748002946 5.55393801288174
2.77226576209068 -6.89293723829879
-1.91471931897104 -6.63662796577691
0.144728435203433 9.34046942512843
-3.03752201236784 5.59022600407133
-1.09233211539686 -3.19803686318352
-0.561932921409607 -7.66904797205809
0.84724547341466 2.98966798441658
2.8765949010849 -4.45336312117192
2.42489588819444 10.4693576880037
-2.19329127855599 -8.19207916306235
1.8114497885108 10.7622750127913
0.128973541781306 9.29633554292444
-1.2314481548965 -1.18983308082722
-2.80210360512137 3.38237421079089
-3.0496987849474 -9.38474032708627
2.39548675902188 9.6631477789273
2.44730493240058 -4.29215896288223
-2.69112358428538 -12.1757886843307
-2.81617670506239 -10.0829003141491
1.87353176437318 1.94624211012948
-2.03027706593275 -6.83470055320006
-0.0327535234391689 9.14393373127491
2.99184361100197 7.26826123182854
-3.4326399397105 6.22006520834231
-1.60767297819257 -4.6067161583216
0.881993152201176 8.46475690103719
-0.807531142607331 2.87772691375076
-1.04216692224145 1.95877503908479
1.45536273531616 9.85719460304301
3.76321532391012 0.450207809281238
3.27271688729525 5.45863539651944
-0.927542300894856 2.04512204167734
-2.69982124865055 2.38532449086565
-2.98578700236976 2.26851493086137
2.17051670700312 10.0985029771452
3.98629492521286 -1.92941078393299
-0.0914093013852835 -5.86917782537516
-1.49557301960886 -8.63527052427261
3.37883605435491 3.35985522409824
3.28871553577483 3.24465567695515
2.65298450551927 -3.7310688858443
-2.45145641453564 -11.9020677451149
-0.148071251809597 7.42028818242225
0.628851259127259 9.60223333486052
-2.19838058948517 -8.45949219662458
-2.23692671023309 -2.9943050658792
-3.22324842214584 -8.81143832621269
-2.49713595211506 -0.830472602037789
-2.74991919472814 -11.7660481113796
1.22774852439761 7.82695213256229
-1.3667822740972 -9.1477125745388
0.956928532570601 9.96563264395193
-3.0911431312561 -10.0543762922639
-2.06061697565019 -8.43684077095646
-0.456255527213216 6.89424836214985
0.395454425364733 -1.88429679758306
-1.63145278953016 -4.56505470396041
-1.0674897339195 -10.1611674242791
3.80831476487219 -11.1689244237228
1.11469173245132 5.76934586592348
2.91422936320305 -8.36612822033535
0.574322309345007 10.1968179994207
1.55497063323855 7.78090035390022
-1.63486579619348 -9.27427338150734
-1.69396715424955 -6.67368295775668
3.44758637808263 -10.1248788002242
3.82515695132315 -9.36451320206916
2.22480155713856 8.81354925520298
-0.87802255153656 -10.1456412823487
3.05331441760063 3.55527112651713
-0.11762535572052 8.19183624613407
-0.514931285753846 4.11966277758376
-3.78568434156477 -5.30622709774009
-1.2474182471633 -10.0823426679101
2.90517316572368 -7.45845141599775
3.25067797116935 4.64685964903372
-0.174718936905265 9.93940387038677
-0.953380651772022 2.36492874258987
-2.76057991757989 0.545824175892123
-2.67078144475818 1.64373836955705
-0.0246660877019167 8.35012446582789
1.98980912566185 10.2655298079325
2.87456649914384 -7.28234399007108
-0.0554972719401121 -4.82959174700714
0.260333815589547 -3.87554352126973
-2.51076357252896 -10.7455157372337
0.953660607337952 5.57022715128971
-2.25936826877296 -1.67456746178577
2.84304572828114 -7.00421759549089
0.716019464656711 1.00074531582901
-2.56327774003148 -11.2679396913575
-3.3144444450736 5.72566020399065
-0.787429578602314 3.31643177950465
-3.28001045994461 -6.73606053210729
2.04000064730644 10.3671889101452
-0.128375889733434 7.57085757069482
-3.348095074296 -5.26931042239334
3.41632700525224 -8.92359798922598
3.07518053427339 -8.40604107800823
3.27105235308409 -9.76306401438813
-2.87562963925302 2.64919903227741
-3.04617833718657 4.31480122318507
0.847436994314194 1.5572405427201
-1.93932501040399 -5.33549763059334
0.562921706587076 9.75122614439306
-1.37761920318007 -10.6493781316053
-1.79074409604073 -7.24518183733466
-1.61794109083712 -4.79042698664787
0.685175387188792 9.13415509488303
2.12260335311294 -0.667409781826709
-0.609781134873629 3.63023325384978
-3.24418115988374 -8.65814643275655
2.51459367573261 9.36373491636437
-3.12561800330877 -7.98521343444141
-3.28581491485238 -7.19659608025576
-2.07163138501346 -4.54954228576298
3.2224269900471 -9.38634896921457
3.01006043329835 -8.63202268021766
-0.798398185521364 -10.7111157907644
0.90554116293788 9.86937398699588
-2.16711990348995 -9.82389932948874
1.5436656922102 6.74846889088667
-2.84878013469279 -10.0199449939473
0.745034404098988 2.48827392577895
2.87928099744022 -6.27958409697696
-1.00799167342484 -0.0374172879211372
-3.5043683256954 -6.06045257209836
2.88682191073895 -6.10183048673339
0.43892821110785 1.48784484938708
3.9134842902422 -7.80767705745231
-1.79575248062611 -8.88996406934516
-0.447633201256394 -9.16483327823041
-2.23127061128616 -8.44592521791735
-1.08074243366718 -10.2037399821937
-0.510834392160177 6.6120305967387
1.31707361899316 6.70183400792604
0.187492813915014 -3.24347762742799
1.75038006342947 3.28160347365399
-1.15156479552388 -0.123265176781191
-0.15668928809464 -6.27106432515049
-2.18137459084392 -10.21018390236
3.01397588290274 7.99434790927215
2.13611396029592 -1.16200297637906
0.862125374376774 10.2158505918775
1.9658549502492 1.43510816111161
2.84744449704885 -6.93547041298758
3.60326140746474 3.2525461334567
3.9360688328743 -1.42727792583853
-2.7088510543108 -11.5477489164584
-1.50564460083842 -4.33419713276044
-2.74642122723162 2.59849678673153
-0.272880133241415 -8.14215018129611
-2.3401817958802 -0.56921306810914
-1.45097409375012 -7.96037831690937
-2.99507630057633 -8.24285988230733
-1.67945560440421 -4.28064583188518
3.81103548780084 -9.07915136339512
-2.49980831705034 -1.23143167906237
-3.95164498127997 10.744285124647
-0.0112086534500122 6.62898043617133
-3.36796965822577 -8.85714715770577
-3.09766086004674 -10.6362826111831
-2.20938876830041 -4.7247345055361
-3.6993500161916 -4.11397290639752
-0.757544480264187 4.18789581886308
-0.0667728129774332 9.17622954814971
-0.47045530565083 -8.70435542385086
-2.50325460731983 -2.4240055520295
2.75921725295484 6.98523251072947
-3.27801207639277 -6.78095139958441
3.19893406704068 -9.8063379955614
-1.54476882144809 -9.18263066027029
-2.80950197577477 0.998842558458581
-1.93532302416861 -8.56169561212741
0.712383069097996 2.48600998148372
-0.280694976449013 -7.41027900109661
-3.63435810990632 8.329915116357
-3.44615016318858 -8.20184675212048
2.50940017029643 -2.42592566171548
2.66729129850864 8.18496145433854
-2.4721524361521 0.116952037327414
-1.43727135844529 -3.98180843493281
1.37427004799247 7.88744948781596
3.45659747906029 -9.57092274906026
-2.72098465263844 -10.7421126002717
3.78227387182415 -10.0272914889427
0.0539117306470871 -2.5767410598318
-0.0778383184224367 8.26661905512136
-0.0236956384032965 10.8845705019662
0.325998216867447 10.8234186843026
-2.86650031432509 -9.15792268226647
3.86142563633621 -10.275654508876
1.18306827731431 9.30410469121802
-2.35376728139818 -3.67989282421061
3.99578713811934 -11.0492588161775
-3.2207412738353 4.64886329903792
0.0649666003882885 -3.16891785161799
3.67322880029678 -11.8625866437876
-1.29100210592151 -10.7159924395052
-3.49330159276724 -6.45216136226479
-1.57431011646986 -5.95862706431027
-1.97970486246049 -6.62756596182872
-1.12611136585474 -1.09739310796571
-2.0993742197752 -8.96648291322919
0.536205405369401 8.39217899559405
-1.90530647523701 -6.14029885375801
-2.46662539616227 -10.4335452969823
-1.80934696272016 -8.0291840441403
3.48760046251118 -10.099741902192
3.39709344133735 -8.57489429827044
1.81232671625912 10.5816167508915
1.32727850414813 6.1303342283437
2.57683121040463 -4.76772071709046
-2.95548268593848 2.21890192311111
3.33414670452476 -11.3592840286756
0.573414761573076 0.887825352251137
-2.89599492773414 2.17270266296445
-3.17020649462938 -7.76108245610664
-2.60480593144894 1.3186199183873
0.980620928108692 3.95718455571466
1.0299503095448 8.41887429174089
-2.36862478032708 -8.65989111742477
-1.47478901967406 -3.16805782218298
-2.08335334807634 -9.63476960141846
1.56304555758834 9.0110502961761
-3.88618930242956 -3.86742166578295
-0.222463812679052 -6.61723162471333
-2.49211776256561 -2.46540822187043
2.07909844815731 -0.251196996592362
-3.54645536467433 8.32002268027726
-3.56784533336759 -3.52476980651444
-2.46292083896697 -2.14820053634994
2.07115959376097 10.5651478706499
0.453081833198667 -0.34738690800586
-3.74015947431326 9.73845824051729
1.23103057779372 7.40104347922537
-0.0585051290690899 -3.35201945558096
-2.10256064124405 -6.17720907680854
1.44800833053887 7.6312187886445
-3.52137902006507 -7.55753272398421
-2.29321227222681 -3.02406171443241
2.13290298357606 0.751783332492738
3.46626720763743 -8.95530790513607
0.7714610286057 3.40851709556325
0.690680703148246 4.04472304392307
2.72926602698863 -5.66365083694402
-3.57019770890474 -6.71153734805398
-0.357836231589317 6.60478851512041
3.52679263800383 -8.59636098964236
0.124626662582159 -3.94430887679763
0.975555196404457 5.25194879951542
-0.857174467295408 0.296772017136072
-0.870316863059998 -11.8028679686315
3.91043443977833 -9.41685156455412
2.12619115412235 9.46849104785514
-0.786283319815993 -8.87116300314884
-3.15511651523411 -9.61303551297028
-2.85173449479043 -1.38150391225202
0.00533183850347996 9.79847894421217
1.89811599068344 2.57128815388829
0.891698833554983 9.15238670864146
3.81096046231687 -8.85268052700771
-3.98605685122311 -2.06248111190776
-3.66025275923312 8.54428570670822
-1.27303677797318 -10.5211331704977
3.04320352524519 -7.1224294364732
-2.04078124836087 -9.04682427233877
-0.3020871412009 -6.17519354033728
1.11122152768075 4.63712372246106
-0.732693048194051 -8.55876815382663
2.93749840371311 5.93007605481523
-0.632746053859591 -10.3809966626251
0.469543389976025 0.33041798703251
-3.9988271817565 10.5030252409671
-2.31017342023551 -7.54901026630891
3.60402101278305 -8.58916125064152
-0.244832649827003 8.18911755960044
2.85902591235936 8.57203502791958
-2.7504561804235 -9.73311669517837
0.856016391888261 3.40022145518613
-2.74714735709131 -11.4566552629559
1.59329582750797 9.62703417184787
-3.95079830288887 -2.50240760953882
-3.73781886324286 -3.31021056127862
-0.82352851331234 -11.1305917957565
-1.69358799234033 -8.90168994873303
1.7733205575496 0.763363880959353
-2.04071181640029 -5.45978836983795
0.855806643143296 2.78436427901171
-0.426993424072862 4.1098666228777
-2.82251690141857 2.61844675666907
0.823781775310636 3.26773539653543
-1.44214121811092 -2.85560400934766
-2.45412383973598 -2.1312409241992
2.96726141497493 7.46106778213445
2.50067969597876 -2.84593555720203
2.16119035892189 7.9584514644713
1.11255133897066 5.78133187196841
1.64182685315609 9.0443677697677
0.879773113876581 2.68988331226063
-1.00765592604876 -10.3492401809151
3.22968179732561 -10.4346893811875
-0.168121218681335 -3.6597755481873
-0.583714857697487 4.54468989843398
-2.93930885754526 2.4888648931504
-0.289061771705747 -6.10446107543438
0.124183308333158 8.79749349749559
-3.086231848225 -8.49819870891675
1.25684126466513 6.21659828242988
-1.70822092704475 -4.84699091419959
0.17484449967742 9.5267755620284
-0.422863781452179 5.46632932888198
0.67983984388411 10.4679947257019
1.04813824780285 6.53302416006414
-3.93524794653058 10.1072109096973
-3.02832867391407 -10.8314826906212
0.901887523010373 3.15709844538027
2.06862677820027 0.000362364057531064
-1.0261428039521 -11.0151629366155
1.79235091432929 7.8955765949429
-3.17151539959013 5.48750742639233
-2.86382750608027 2.31490778766945
-0.947671383619308 -9.95378403375078
-0.714976917952299 2.77545598085384
0.602608442306519 10.0001353516725
1.80084959976375 11.4078716592591
-2.64257098175585 -9.96518730106447
-1.07780746184289 -10.0204926468286
0.0680518504232168 -5.24611345646156
1.20896176062524 6.18231626317057
-3.04614316485822 -8.64702948792801
0.0158091504126787 8.47167342347141
-2.88241265900433 -9.09954237324688
-3.15647110342979 -10.8569996860857
3.72137907333672 -1.63767329957222
-2.01990502141416 -8.17054505288305
2.24440801329911 -1.93599580427399
2.54116773419082 9.0236294689312
-3.54295388050377 -7.09828358410121
3.05634675174952 -8.30815512670053
-0.751386327669024 3.57363673983501
-3.81458386965096 -4.20844241942549
0.417393224313855 -1.61361334715037
3.82155568525195 -1.89778652920652
-0.966046592220664 1.62671278114109
0.688567366451025 2.23999654235332
2.90629958361387 -9.20102573258347
0.273823579773307 -4.52935709645669
3.90441459231079 -9.53971422646996
2.62168688513339 -4.48582168176118
-1.74968543089926 -4.66475107721046
1.19728578813374 7.70190203667407
2.40696053206921 -2.06793556549774
2.11888138763607 -0.442205434424751
2.94623008742929 4.95716367009552
1.96298611164093 10.4837362357613
1.26147657446563 7.40767844573914
-0.512430097907782 -9.77105753393953
1.44757722504437 6.6033839773472
0.0246578343212605 -4.33224455788292
3.11947687715292 -9.61003221612645
2.69398712553084 7.42842523231957
0.385025957599282 -0.122582944081664
-0.169172577559948 5.82323473580005
-3.80840444564819 11.1318786100171
-0.576421614736319 3.27044454625439
1.3812176566571 9.20534717804684
0.287077283486724 9.04797788532626
-3.20868990011513 -7.64149312504905
0.577781219035387 1.16958287799414
-1.83830348588526 -5.91051429154169
0.836825352162123 8.31945599129319
-0.75718505308032 -9.26033126353848
-1.88649127259851 -6.32561369837512
-3.86468670144677 8.34835201221932
-0.0369988158345222 -6.41895196337222
-0.582675373181701 5.14365334168619
-1.54041050747037 -9.71084329438759
2.49991476722062 10.6846783668434
-3.64627705700696 9.26144556845575
-1.86635533720255 -7.42813089213784
0.32402571849525 11.0147948545448
-3.45140326954424 6.83912641236882
2.65946139954031 8.4154720855849
-0.94918367266655 -10.4220333573493
-2.11131303571165 -8.09406603028294
-1.73468130640686 -7.23536961952315
2.47223803214729 -3.52326078018817
0.976413246244192 4.39983586051055
-1.75861097685993 -7.31893032001114
-1.86307695694268 -7.63794332499753
2.91519097797573 -9.52963726345316
-2.06744523346424 -5.09971258513623
-0.945714535191655 -10.4405783089048
1.11770163476467 5.56482551031189
-1.96328065358102 -6.76844920385947
1.51998502574861 8.5796563258281
2.8251241222024 7.72752691574785
2.99117170833051 -8.72455581619108
-2.78728380426764 -9.36376529675902
2.85320572182536 6.96312506259397
-2.92718008160591 1.21974603019138
-1.95160536654294 -6.48554142669759
-0.677936671301723 4.72020100328832
2.53940091654658 8.55998296077979
-2.62385099008679 -9.53673913234011
-3.25896838866174 -7.68227419239928
2.42326824367046 9.05227392893045
0.508612459525466 10.0698879908695
-0.792198425158858 -8.8284404255924
-3.81242647208273 9.3695528656684
-3.87132101505995 -5.51831985848002
1.25722053460777 5.69283434405879
1.08208402059972 5.48432099421394
-2.86768471449614 -10.554601674377
-1.03526601754129 -10.3723166469047
-0.235368905588984 -5.76149061016501
-2.07622622698545 -5.12684321155796
0.863763097673655 2.60441862897874
0.787429010495543 9.35881145612604
-3.46540773101151 6.70574064746169
2.61674088053405 -4.7626638968906
2.52284239605069 7.86271660246167
2.56756083294749 8.44009293939775
2.9085378088057 5.9481791913583
-0.429622566327453 4.40686786660962
0.873989133164287 1.74383388761859
2.08955529518425 0.121693524796111
-3.1329392157495 -8.08337982867435
-2.09927231445909 -11.2032912681578
-3.449482165277 7.48660636417026
-3.11182864382863 -9.86586183196457
-3.46918669901788 -7.01497171710756
3.39170562103391 3.70226333998415
-1.37854280136526 -8.71271916588149
3.23628202266991 -9.82047512999349
-0.340024031698704 6.73067098347249
-0.502108043059707 6.80760398393006
1.10401732102036 5.71165439434166
3.16897927038372 -10.2609858134318
2.29519981332123 -2.71453217326431
1.52384815551341 8.23517374712114
-1.58351160213351 -3.35372102361191
3.48853482864797 -10.9034817325854
2.91657260619104 -5.62140853758036
-0.116757865995169 -7.28237475820948
-1.15377883985639 -1.45703673887356
0.835942229256034 4.03376696823803
-3.46632608398795 -6.97883605646066
0.529406607151031 -0.377188289091001
2.09782907180488 -1.49908794792737
0.750671669840813 10.5068126939997
1.68983391299844 1.18108938406967
3.16746034286916 3.78520219677021
0.375574611127377 8.50118875253552
-3.7263246178627 -4.82921788018892
1.50685739517212 6.21556911218182
3.66524600237608 -8.74268039045658
3.38925057277083 1.71622564491723
-3.17280306480825 -9.1657368724203
-1.03473631106317 1.20255193871212
-1.44366501457989 -4.04039723826622
2.75002157315612 6.86436186390926
-0.129681328311563 -4.68518082388722
-1.67307403311133 -8.17447326938504
-2.62134144455194 0.00983334452504603
3.33556566759944 3.30998193753382
2.68949292227626 8.04001624198263
-0.526105150580406 -7.90231146222796
0.962609019130468 10.5889033653513
-0.736346662044525 4.28825659829523
-1.01641342788935 -10.1139665133978
1.85959661379457 -0.537589341389208
-1.81427741982043 -8.5543177005349
1.82535156048834 2.24813487761914
0.570657849311829 -0.703225929817212
3.4017346445471 1.282777289873
0.556541604921222 1.9794947238769
1.44653110951185 5.3855267064198
3.08979303576052 7.37334478193493
2.74584889784455 -7.08947750365363
3.94205374084413 -1.19462226757822
2.02412913553417 -0.788639554403764
3.08938278630376 -8.13783194037091
-1.47501738555729 -3.61569103311442
3.55754677392542 0.859706909988063
3.17979148775339 -9.32087872073145
-3.9139869324863 8.9780497712467
-2.66827894560993 -8.79614496575726
-0.228171598166227 -6.20600838155968
2.77167340368032 -6.79907309536831
-0.652275102213025 6.26433602071762
-2.51720870658755 -3.06610481473217
3.21729160659015 -10.2703934830218
2.68955878354609 5.88111627253225
2.97153189219534 -6.49133894588563
-0.356694472953677 -5.70792385753457
0.859971886500716 5.04445732000931
0.11198491230607 10.8981770175254
-3.74908284842968 -4.80874472692304
3.7862846404314 -10.5487138950385
2.16739749163389 -1.45442110868216
-2.21150078065693 -3.11626674579127
-1.00065229274333 -0.0754054960076628
2.82043275050819 8.52805144352887
2.19382601417601 -0.346156242247212
-2.01184688322246 -6.87210227059298
-3.34339931234717 -7.21266611993353
0.0795706249773502 -4.11820288804339
-1.89082418195903 -7.3304827974702
-0.392723649740219 -7.99451175415583
-1.075753480196 -0.243573414537796
3.79116196930408 -0.862359985381852
-0.252470759674907 -6.76324708201274
3.1867840886116 -8.29017683724989
-2.85284551605582 -10.0276517218785
0.240340696647763 9.00858031648853
-3.85902827233076 -1.95974437585046
0.427257107570767 -1.08705197061236
-2.25352956354618 -4.18728444413433
0.260506223887205 9.45119352980589
-1.6232424583286 -8.51015159404615
-3.32757616974413 -7.83968567139276
-1.517542777583 -5.13705192507123
-3.63132812827826 -6.12441971155183
2.5929594412446 -5.49883046354974
-0.593816369771957 -6.77290214958412
-1.32341712340713 -1.52951546424417
-0.650580380111933 -9.68447294891691
-1.1190025433898 -9.4768462794517
-2.12983500212431 -5.03513717659868
-2.47084891796112 -7.09040027734387
-2.51110877841711 -0.527704771449546
1.74829812534153 12.2806182766351
-0.167992012575269 -4.96442851042858
-2.73638405092061 -10.6863297808804
3.70216361619532 -0.298565083767507
1.5032331161201 4.23332651368794
-1.09766783379018 0.233497679728093
2.82508066110313 6.25648189693523
2.96159651130438 -5.83448842524013
2.61985284648836 9.16157520225843
-0.778475873172283 -8.29055085428659
-1.79475243575871 -7.55494102459634
0.972288094460964 4.2877980097811
2.88530167378485 5.88841858473953
3.88114293850958 -2.58325716785636
-3.82422140799463 -2.4444974484967
0.927846245467663 4.97947735661741
0.717837573960423 2.46079750605574
-1.93309135362506 -7.12673227674759
3.79383149929345 -10.6286699676944
-3.64836193993688 -3.37024420357453
1.99526962079108 10.3786731975501
-1.56844146363437 -8.21650454890719
0.446374991908669 10.4987033507653
2.72662512212992 8.69049621298004
-1.55790799111128 -5.10014427904754
-1.43343734554946 -8.69773818602389
-0.107631841674447 5.68077028319755
2.34052695520222 -2.19030476485672
3.90577906928957 -10.190605050357
-0.759930623695254 3.28395931639501
2.81641547195613 8.07494957476246
-3.35687798075378 6.25297484795476
2.47771109081805 -2.94763422310305
-3.76821085996926 -5.21887893728372
3.41831186786294 -9.72555979071044
-2.75047012232244 -10.9476436784163
-3.53270248137414 7.19633385214249
0.0236661490052938 -5.7369827143963
-0.739976895973086 -9.25243345496972
-1.5225827768445 -3.72012387970998
-2.96106369234622 -9.07281148346075
-2.27549001388252 -3.22717306761406
-0.955400671809912 -10.0847508484824
0.285708794370294 8.96822618326608
-1.25916769355536 -1.6005526490233
-2.90208131819963 2.35368957025629
2.75992627255619 -6.50941394057113
2.6689065117389 9.58635727000154
0.0830536801367998 9.49239791296624
-1.80030535906553 -5.18179171860838
-2.99891456216574 2.79724489413192
-0.553004501387477 -7.60988276903858
-3.09024424105883 -9.27429690690884
-2.53521499410272 -9.89249056898227
-2.92873552441597 2.70204643473282
1.66401830874383 3.12163518099359
-1.77775051444769 -6.62867348126337
1.16873884573579 6.30665349329636
2.83546015061438 -7.55772302216066
-1.37453702650964 -10.1366873328614
-1.15661124326289 -1.27037644291454
-3.80434744618833 10.532724024716
0.500639548525214 0.796467453843405
0.508345451205969 1.20167649652408
-2.70801971107721 -10.6767660888657
1.31906748190522 5.69248908580855
0.946739265695214 9.71562585842292
1.50616980716586 4.23391119623588
-3.43580464273691 5.56335328452549
2.82417139410973 -6.93807169965024
0.0734947081655264 -4.62743546719696
-2.35067365132272 -4.43564027493185
3.22821571491659 -9.18895600512673
-2.15886930376291 -8.66266363702754
-2.55911619774997 -1.11048646380346
-3.19662404060364 -7.48030331081658
0.666681477800012 1.29101081224268
2.43543089926243 10.9134787189434
-3.81810720823705 8.89017273730211
-1.41673227585852 -2.99139542449506
1.66643395274878 4.26864565897063
-2.29992094822228 -2.61055209597165
2.08615767210722 0.365011594621272
-0.147250769659877 7.91149907232157
2.7538179140538 5.90779390749116
-0.605821652337909 3.15622191931022
1.62038851156831 10.3595481098996
-1.89916251040995 -7.60526942093129
3.8573604375124 -0.483962117975771
3.80301103740931 -2.01177707153071
0.758491791784763 1.99421501280542
-2.16403327137232 -8.60187231698008
-0.149960391223431 6.29835433296411
2.98518605530262 -7.44438483183903
-1.35689352080226 -11.0064631290038
1.80605649575591 9.39834805039898
-0.229876276105642 6.86639223245009
3.72274195216596 -8.82889895644165
1.58565621636808 10.7958916681435
0.349957339465618 10.3358386447424
1.74943078681827 10.3450076879017
0.0288130231201649 -6.16138654038814
-0.752144042402506 -11.6727245661761
-1.84891914948821 -6.16276019106388
-3.90902614407241 -4.04874613528228
-3.08224677108228 5.88694674099669
0.155344387516379 -2.33516990990063
-0.948303246870637 -12.1470652337125
1.90481303818524 11.0654525715224
-1.78762005455792 -6.66666596808114
-3.55011524446309 7.79849746466992
-1.57656365260482 -8.4875539486826
0.660408252850175 0.914635966295809
1.16291736625135 5.38717522527426
-3.033756300807 -11.202343822048
-1.38099068775773 -9.25292635877044
-0.523567233234644 -10.1369476694437
-3.99743735231459 11.5419546376001
-2.10671663656831 -3.75039585433101
-0.66220042295754 -9.50747928431329
0.149080036208034 9.25700661983298
0.59723843075335 1.99566194602119
1.72406035847962 4.28161785696941
-0.225363854318857 8.6784248333969
-1.79464326426387 -5.93212195227679
0.637240566313267 8.66365000296103
2.68329090066254 7.68226490755433
-1.39015341922641 -8.8658910815168
2.41749917715788 7.95540798152558
2.63636692613363 7.34619132820586
3.26633369550109 -10.8182431154758
-1.06137945130467 -0.662238896346226
-2.50472060963511 -11.7698570318206
-1.41432638652623 -9.53255394143483
-2.46272592805326 -3.74271712671366
2.57960055023432 -3.92632308265752
3.10701952688396 -8.76869070816382
3.06818808242679 5.89298900541992
-0.586707973852754 -7.40157279889989
-1.29886601492763 -2.99477136752189
-0.566695591434836 5.74136571801211
-0.403095116838813 -7.24660020428287
-1.95088955760002 -7.96938737598136
-2.08958367444575 -7.52914439489266
-0.735440043732524 2.91060043843063
0.413315681740642 12.5804969263293
-0.775901960209012 -10.3896711856815
3.67500920966268 -2.57867867639153
-1.52591692842543 -4.5549552496856
2.47639542073011 10.6809039854804
-0.150714941322803 -7.17296729030899
1.92595187574625 2.41761143728549
1.68520255759358 2.87278333376137
1.4369216542691 9.74387243794302
2.27584620192647 -1.47571980068514
-0.670346854254603 4.01397972006978
3.31268000043929 4.27518710338875
-3.61712870188057 -5.25689566124729
-2.69552691839635 0.647387785697678
2.18464457802474 -1.36535480559556
0.525848407298326 9.96000622236106
0.460794098675251 -0.777738043964254
3.29387404024601 -7.85784972243965
-1.58435216732323 -4.17480372591215
-2.01639346592128 -8.76720498861726
3.24094942398369 -9.10899468102282
2.44741801917553 9.73543583969214
2.40892661176622 10.5625666535009
-3.54313027486205 -6.90040921055622
3.09482380375266 4.98296724259247
1.23658077977598 6.84075105829678
2.18077907338738 -0.251677018493308
-1.88442627340555 -8.8079812906532
-2.21607637964189 -2.11351904747337
-2.40919253975153 -2.63332020432943
-0.804966922849417 -9.60019595193712
2.14838473685086 -1.38932655076413
-3.77569657377899 11.8157262388868
-1.05091814696789 2.87093789950068
-0.637856701388955 -8.36666991131498
-2.75957774184644 1.63851986167993
-3.69835552945733 -3.55719464744709
-0.734309745952487 -9.27535722049475
0.35743385925889 -2.73721940188512
-2.4306925162673 -11.0256617679359
0.490678876638412 9.57758580854937
-3.81299884989858 -5.18806206058021
-1.8544559571892 -8.02857071033779
2.71746331639588 8.04153345479582
-0.074185486882925 9.29263974145795
-0.309423487633467 -7.1323426893869
