-0.323778644669801 10.1741283362317
0.583585836691782 16.3025773736771
-3.6452191027347 9.77177040372953
3.76704789116047 5.47803526189527
-1.64911096263677 10.895718037574
0.146308892639354 8.76172111252115
-2.0305730397813 9.11102029986555
4.42295660171658 -0.421425334463486
2.39428034843877 15.9869305179694
-0.40567218977958 11.7044558163518
-1.47782013705 12.3792432549989
2.33105676551349 15.7716841245642
-2.01039825147018 10.8662967451241
-1.35732766799629 8.12837131835227
4.00149128190242 1.53090719415523
0.493773905560374 15.2170685672031
4.57212374173105 -0.204065954119287
2.9818640591111 10.5017822931463
3.76617676415481 2.14048281965882
1.17519765743054 18.7288338022991
-3.3884597287979 10.0839968732307
0.661297878716141 17.0409905938888
4.09223862085491 0.460782249727308
-3.72306270711124 10.9388095404654
-3.01339646778069 8.13785668660548
1.68343615834601 19.0628491524413
0.241883968934417 13.1159252124955
4.91191916866228 -0.909622827262835
2.91798711731099 10.9701145320152
2.96658100816421 11.6654637955413
-0.262141990708187 10.0566953049468
4.97380464361049 1.83492042997376
-0.0379538040142506 9.62658236759086
4.70642131846398 -2.72108286838405
0.949006365612149 17.0790302720747
2.77221709350124 12.6015790416057
1.99060477991588 17.6399461451465
3.47077373415232 7.28236404992261
1.93633067025803 23.3421530966426
-3.94763624761254 11.2706679542721
-3.62072901730426 9.75225670446995
4.32975165522657 1.52903580281994
-0.127433618996292 12.3084291852271
1.71235278970562 19.405148548338
1.51593811670318 21.0481254099856
4.57946904236451 0.987247150867849
2.50387417036109 15.7574232160336
-2.09570328774862 10.0904736106196
-0.620633906451985 11.0430256048199
1.96982286521234 19.1724145844804
-1.82977211475372 9.45678560620276
1.19293966749683 18.3441911399435
-3.22851490508765 10.465539321659
4.44801841676235 0.259393154554958
-1.90246191527694 9.40521875649054
-1.4310692360159 10.2825415514549
0.0647387255448848 9.41002806395193
0.175046610180289 10.4576689835012
-1.6361768101342 12.197705812261
-2.17587722046301 8.58983029971097
2.51581001933664 16.362578708846
-0.195736750494689 8.45058147417879
1.79039670480415 19.3908703732113
1.66247214260511 20.5825867983421
-3.5154690311756 8.38474114531418
0.307136596878991 13.9753666203504
1.6205368314404 20.3378963270231
-1.05063533131033 9.49342993496863
2.35390106425621 17.4800126396071
4.09716207743622 1.9536466135579
-0.427718420280144 8.65655994596949
-0.464960075216368 7.76469772766761
0.40487865707837 14.1088831390525
-3.52294781780802 8.39244612785219
-1.00494297873229 9.94364801701645
-2.27728484827094 7.36307813522603
-0.538480469956994 8.51354801617994
-0.0653529504779726 10.4353773027098
-2.58738026488572 11.6725164713445
-3.35278998874128 10.2708456787444
1.98191597964615 17.5756434676482
-0.231606767745689 9.33546016268163
-3.00710053113289 11.7498178026677
0.165743194287643 12.479748672594
-1.50304367463104 11.259264542383
-3.16604113369249 11.5947215260638
-2.3759182379581 10.6039487635538
0.717466459842399 18.3497862738898
-2.27290412620641 8.44285767082308
0.638506798772141 16.439403265976
-0.793934710323811 9.45682828587766
3.43732429109514 7.40838418636499
-1.17626244109124 12.1206367534808
0.692553402623162 17.1911136373638
-1.82222001999617 8.99258128993257
-1.07253011758439 9.43975341933241
-0.400301780784503 8.47785819710697
1.85218191542663 19.4630132044468
-3.49154679663479 9.20064496307404
2.34855322982185 18.3914090334564
0.89786335779354 17.0316054781993
-0.947411078959703 11.1365035376191
2.62630665814504 16.0810055006263
-1.60122457356192 9.30347165429655
-3.10244125989266 12.2823867889541
-0.638991443673149 10.0430788885246
-3.29068236611784 8.95549052472633
-1.9647357489448 10.119038961907
4.88473179936409 -1.43739701771321
-2.93463365989737 11.0415892473112
1.35179469711147 18.3288795881511
2.23053824598901 19.9702930847939
0.690898163244128 13.0535657649393
-0.393811166053638 8.2200638043302
-0.208083777921274 9.45864657206399
0.762656132923439 15.7873267026019
2.19982323539443 20.2411164476782
4.8539047059603 0.00328494738771384
0.633682428859174 16.4888496705297
0.432087138295174 15.3194615947521
-1.366930894088 10.2446047221713
-2.5605013538152 11.5376160602172
-1.00572051340714 10.7035459629954
-1.36028008442372 11.1171420867029
-0.712831899290904 7.6223880570322
0.282039657467976 10.9810381880796
-0.628514676587656 6.43774802242143
-0.1594365069177 9.59476341800972
-1.96495519974269 12.290810393917
-3.49897112185135 8.43455546845436
3.72750264406204 4.97452291912805
1.05113440123387 19.385400988248
0.836373035097495 17.8038158708398
1.55239143059589 19.5435501636818
-2.02232723566703 9.01096953180232
0.676319131394848 15.2404375408749
2.50540807959624 15.9692328449501
-3.74603282869793 12.0794214577405
1.73224741918966 18.6003386100894
2.66200701729394 14.4180609546903
0.0075770711991936 10.2345990375305
3.17646111431532 10.9176476283
1.90171805792488 19.0873076242684
1.47666186583228 20.976073916256
-2.35869123716839 7.60522750708039
2.68384351581335 15.5687403821787
-0.209255318623036 10.1541936124323
-3.03258177242242 8.24696756107438
-2.57026112033054 6.27142618188517
3.07499817223288 10.0809140820353
-2.93580348021351 11.0701771714018
0.197381919948384 12.4715160744305
-0.668454765807837 9.41733377634335
0.440604627132416 14.3449688159258
1.1004630161915 19.1637578317626
4.58562934515066 -1.12362433401634
-2.37442166381516 10.0872881262902
-0.521782771684229 10.1796296751491
-0.125347178895026 8.84346966328282
3.64601185359061 5.48412232792873
-3.69767532637343 10.4968965021403
-3.79876846726984 10.8421177627292
-1.0522084783297 11.1376744352315
-0.919204401085153 10.656496981215
3.91220356756821 3.51650137991686
1.08197474852204 18.6761802618184
-2.87697465904057 10.7180164883611
-3.44469380611554 7.96920793262203
-2.95196806220338 11.0468323088664
3.52284356672317 5.42332642365075
-0.283094267593697 13.7400461162923
4.71587788010947 -0.954080032235106
2.33205096819438 12.6195031846264
-1.58058681082912 12.1953364813942
4.02611905895174 1.30600641093757
1.83812745660543 20.5935148155386
4.96417778683826 0.676504171972085
-2.96533528459258 11.754099299421
3.0956294243224 9.01424483354766
4.81316884723492 -1.85175860536476
2.74130754941143 15.6007596484481
2.98367838282138 10.0388797796487
4.80844402499497 -2.40781319039074
-1.05708000902086 11.2447511920158
-0.564375010319054 9.89558675905541
-2.39627509168349 13.6451267590223
-0.260255021043122 10.5497753962155
-0.194609380327165 9.43505161542192
1.39973240857944 18.8505468497496
-0.293872079113498 12.6953738772859
-3.29988079657778 8.05611538522962
1.89836237556301 20.4554217269541
-3.70101540791802 10.8986880243941
-2.61072353203781 9.08351050937668
4.68142195278779 2.46194300855623
0.577009722357616 14.2589536049626
-1.45617614360526 9.96884502743034
-3.97567872190848 10.6202054462663
-1.08832883788273 13.7170015575446
3.96138818142936 3.67418038930832
-2.55670817592181 12.7704768466113
-0.550095507875085 8.83429980287652
1.01550583937205 15.7047688492681
0.450713881291449 15.7790532119118
2.50508173019625 13.3383819852366
3.31649529910646 6.11234072551627
-0.313730071298778 10.9772323235813
-1.97633800865151 9.91075739733017
0.552795020164922 16.6059109247298
-1.28475460014306 12.2930795860284
3.46367768826894 8.29494117046547
-1.61827490897849 10.611727969771
0.461338176159188 15.334697633855
-3.12984079611488 10.231722642941
-1.41446466487832 12.7334276571604
3.6022831001319 5.63815623746182
0.282513857353479 14.0791374219855
0.0813511463347822 9.30842840754574
-2.20177613198757 10.0627875789556
-1.66328826034442 6.80379627490546
0.865195179358125 17.8341858656433
2.52846682094969 13.3730245718051
-2.33848692988977 9.78740098491471
-2.33143037953414 9.61581300114616
4.26496948464774 2.53956550930639
-2.79685056093149 8.97242967858441
-3.94195095775649 8.93731449096401
-1.54693001625128 6.84317806268004
1.90308388066478 20.4455967513862
0.571397660998628 17.1499567235494
-1.1851124400273 9.63827641768378
-2.26931187929586 12.3683807032214
4.78892338136211 -0.626336409282545
2.69568452145904 12.7090586571746
-0.334186508320272 10.366632638838
-3.05612337007187 11.0980552631912
2.16535327467136 15.8943349252187
1.4229835816659 17.2739422750842
1.85524381627329 19.6724402956672
2.785866251681 14.2514102761111
1.38025453151204 16.0678394823704
-3.19404432829469 7.27010000073203
2.2803140648175 18.0791933277145
-3.81696318392642 11.4219751315467
4.79398879804648 -0.576222761120625
4.56436879024841 2.03002580278546
3.40851913695224 6.38026157550613
-1.75611454388127 9.73328669982709
1.20074810390361 21.4826874496367
-0.906786374747753 9.86950821987816
4.66964993439615 0.0505287034463983
3.66727753402665 3.54215156352816
2.48107913206331 16.2424414583386
3.11921140388586 9.19296887661667
2.68035459471866 11.5714680947539
-1.07099729171023 8.44721300473726
4.04095699312165 1.78884526992255
-3.49976274440996 10.2618107935634
1.07595764007419 20.5093107071515
-1.13395490008406 10.0616547629153
2.89332026382908 12.2534461196837
1.60368140251376 21.7644067697524
-0.473279816098511 13.8640902288937
3.78065528860316 3.89886637429681
0.947059968253598 20.0017951949722
3.67976125772111 5.65224932193766
0.642298799008131 15.8687036219923
1.84372311457992 16.5564449530789
-1.64944221754558 8.45191560719516
-1.40097647695802 9.10920970831836
4.81151395989582 -1.72724290033025
4.93276201980188 -1.61615963515946
-1.40695775696076 9.33931922407991
1.4439201571513 21.4426431965972
-0.750974061898887 8.52771115759757
4.89613157324493 0.357412496666228
4.16585989389569 1.1318756743956
0.667020105523989 17.4554349540111
0.425961521919817 14.1934646935585
-0.498086584499106 9.73093921309117
3.90759900049306 2.13267085897841
4.30231546703726 2.25612269410396
-1.55373730347492 11.8229329216776
3.62679052143358 5.36727398309157
0.453893562546 19.6195341551853
1.6388249581214 19.9720803096656
-0.391616896959022 14.6781183202109
-3.30022995732725 9.78579276469553
-2.50380176026374 7.48686870053314
-3.66099106171168 7.72037347172676
-0.572565393289551 8.60564809105952
2.42094244062901 18.9641864357063
-1.69466904550791 12.7253172834019
-0.352951060282066 10.6361737487381
3.23961023241282 9.51498542372787
3.15435964916833 9.01320504425129
-0.530212548095733 8.91731904581136
2.71814212319441 12.9604416417607
0.203114823205397 10.6243309703765
-1.97097935946658 9.13612408024268
-2.1650869094301 9.00369637126618
-3.52687186235562 10.8456599193001
1.26674519781955 20.7746245008789
4.70742405601777 2.56521245921274
-3.5186089319177 6.08220583419325
2.46221752814017 17.0752616498912
-3.98569423914887 9.49045043473717
4.90720415324904 -0.237059625142439
4.72957883216441 -2.62524915726102
2.29664775170386 17.4267405192882
2.97998106456362 10.3674786681116
0.0284532278310508 10.8537089728282
2.63477561576292 13.0734739642769
2.09916578582488 24.1498893252929
-3.88606674317271 8.74864181278722
0.827261988073587 16.9092825969891
2.75754189188592 11.7807662450529
-3.8168938991148 9.47972320549792
2.28563131578267 20.9668215188987
3.6657510176301 4.37612727234638
0.221461044857278 13.172878368521
-1.65957132843323 8.49635235978254
3.15792686142959 12.2980469257813
-0.173550097970292 10.7493625570658
3.81887892959639 2.58658122011437
1.65963431936689 20.3292673131008
0.0624625086784363 10.0052370906813
0.680217292625457 17.1035532463136
4.76719510159455 -1.28001976004778
2.15168012748472 19.100925169122
3.54661227203906 8.59271746101945
-0.446900841547176 12.0204186047495
4.00636905082501 2.87848595162937
-3.77013176423497 10.5338826157027
-0.612974439514801 10.6744048143019
2.15870290086605 19.7584431897355
0.0305515534710139 10.9229514440049
-2.07778171217069 10.9697441876933
-2.39699520613067 11.0204984440364
2.12466513412073 18.8694298577249
1.92318385001272 20.5382326766501
-0.210410380503163 10.0925429707594
1.43703002529219 21.5287244274675
-0.39410327328369 9.31479780362761
0.827297185780481 17.6710796491983
3.6242816564627 5.41031622835028
-1.76768821920268 8.28135271337004
2.13596246438101 20.3631179443457
-0.32547233812511 8.1401068585589
0.862446788931265 19.6825734494812
4.78790583717637 -1.68104593105654
1.35996243427508 18.2072338704988
-2.41237075766549 11.3774215857195
3.95299590146169 2.61666813490286
-0.918956694891676 7.04769465711424
3.61724812281318 7.82626008239998
-3.27780447294936 6.01835611071385
-3.43736030929722 8.89195836588748
-3.03382371901534 7.56745705075788
3.68669291143306 3.90621378544979
-0.515685528051108 10.1418898066097
3.89637292479165 2.6150484603685
-0.869867986766621 9.0738333601435
-0.642731065396219 9.73792663083323
-1.58215152355842 10.4306646572128
0.275295506929979 11.3490979527721
-2.02439710474573 6.68023003735879
3.2697064972017 7.24100989377565
-0.201462242053822 6.95302753396131
2.65345711773261 15.7063419056507
3.8444632620085 6.52814749726118
3.95230539399199 0.919476660925723
-0.757785558933392 8.58330328932719
1.16785586881451 17.7982652139188
-3.10260700364597 11.2614247301465
-2.78744989610277 10.0501514943587
-2.71729151415639 10.7823165055103
-2.34958744049072 11.2343518059059
-3.79735224833712 10.3965353738706
-1.616864297539 10.7165306210213
-3.60773300845176 8.13989557564566
-3.51626331498846 9.90113874863386
-1.95335512771271 9.01423445669293
-2.47415655502118 7.91227311419579
-2.52013617218472 8.12962505115773
1.26321114646271 21.0308498170388
-2.87254652683623 7.91912482074255
2.35849156649783 16.407881545559
4.7899655494839 1.60217961139617
2.28158213989809 18.1053094128401
4.64034495479427 1.06969605873266
4.09291202295572 2.38838445853268
4.95349183049984 0.0510471222469797
-1.853405010188 6.48045187526471
3.03144691186026 10.1250899816814
2.28278223145753 15.3653662648558
-0.0764606276061386 9.39506514261082
2.18450862448663 21.4617285203766
-2.66427593049593 10.2211606452222
-3.80060980166309 8.84936595559464
-2.78050720132887 11.4219079050488
2.22878243634477 18.6984504738485
-1.21324926312082 9.87143988943076
-0.861420449102297 9.63578999916046
4.09837106219493 1.59382633286092
0.295647993683815 12.7993258669287
2.72700332244858 15.0193892576625
1.72436490352266 20.0865656996107
3.31819557235576 7.23933386794293
0.791929988423362 18.4520980093423
-0.167955563170835 8.88255368270139
0.439542463980615 16.350039411732
-3.45877966145054 8.43171579697862
1.49874271987937 21.1708287819268
1.65146128903143 21.9799580498155
-2.59273427468725 11.9554933638045
-0.264685632195324 9.82054265167916
-1.45744594326243 11.1075202286948
-0.5747815517243 6.5797736002318
3.08091340912506 11.317197722323
4.86972713237628 -0.0513376615785102
0.575319396331906 16.4007474280805
3.26988887693733 8.89456896511589
4.66786183556542 2.08158673312097
-0.313012934522703 9.72695879094711
3.96948525495827 3.80890821705508
-3.74357959232293 9.83047026940925
2.17662838031538 19.2695058399685
-0.515259157400578 8.02997425060913
-1.454893020913 10.9705112224627
3.55107170017436 5.39534030311656
1.18242707196623 19.886982234068
1.80823247903027 18.318932472737
-0.738086317898706 10.8666254594013
1.46507236128673 24.7306047773318
4.26761501235887 3.43775341455341
3.66809137072414 6.54351290078845
4.93612504680641 -0.741177149271736
-0.103950518649071 10.5197767460272
3.87985978974029 3.01658632630851
-0.717288221931085 6.82379376830895
-3.3956168431323 9.6157313646442
-0.402152264025062 9.49353912597238
0.492213283199817 14.58236735821
2.91813720576465 11.3647935725331
-1.91834753286093 11.042926335621
-0.455521930707619 13.0697289275246
-0.24778755614534 11.8490514421502
2.98816432082094 12.5845671258044
0.75327755860053 16.9284430167659
-3.012798800366 10.1211718084394
0.344539224170148 15.2296662962861
-3.08332518558018 12.0506382390362
4.0559649374336 1.13108847506225
0.956134445033967 19.6893701632881
4.33882356924005 -1.20329680319018
2.98838483402506 9.61783780611682
1.78032475011423 22.3345444436573
-0.924121707445011 10.0591028296029
2.97981573361903 11.664773139568
-1.46355310897343 11.5664368314943
-1.84268455393612 9.68534946216664
-3.97965918295085 8.64533698002797
-0.533384509617463 10.2213717199779
1.81325475615449 16.9736933123912
3.30890918220393 7.57868468855016
-2.3502871512901 9.74921574250525
4.8358887815848 -2.23193617093808
1.90732560353354 19.7346872019477
3.4202222309541 6.07724366233393
4.30916503677145 2.58451658580853
1.38435564166866 19.3770349577324
-1.21021816367283 8.25439955736293
3.01092150225304 11.6857523950167
2.81311398325488 13.1408858222956
3.82986619649455 3.71246150076837
-0.0455957883968949 10.3447275909539
3.5783641282469 5.13940403373158
1.79409899981692 19.2291684737645
-0.568150364095345 11.0368061093679
-2.885065498529 12.6027792260753
0.864758662413806 14.5282769646909
1.95765760354698 19.0438894220707
-3.46643671439961 11.5674916878861
4.13642324507236 -0.273406198428737
-2.28924970701337 11.8669013992907
4.67428381508216 -0.599504724783837
-3.1673912089318 11.1324033942677
-2.94215122959577 12.3580252449628
0.0597650969866663 12.0350181784948
2.32898233667947 19.2037491787982
-0.593936729710549 6.46747670657632
-1.24853627709672 7.96261951415232
2.33448555273935 18.1532416225542
2.29474089806899 16.0347396943297
2.66392489313148 13.7140931761783
-0.137385831912979 12.2147555946315
-2.15177454031073 10.1863905979569
-0.381510991370305 10.0725086055731
-1.45983296260238 9.60706298877505
2.77170780277811 11.0584478983609
0.992931046057492 15.3673878598592
2.95004438492469 11.5553647538226
0.608697723131627 16.2855777316805
1.48916431888938 17.8563879249835
1.94615047634579 16.4113303276527
2.10824437183328 20.6309940084033
-2.8748672704678 10.8111973617907
1.82710130815394 20.4446847574244
-1.75217198370956 11.4673543964398
1.4867362617515 20.8522800391406
2.39077351940796 15.1335745357985
0.827106275362894 19.3600018853057
2.72556439694017 11.9975308296773
3.38057885272428 6.86708107522984
-0.0520134952384979 10.5337529939745
2.85005031060427 13.3238958018824
4.38011167175137 1.48991735084683
3.07744459412061 12.0435880662791
4.59968912438489 -1.23203663049027
3.79261604859494 1.88010997094942
-1.9202183065936 8.13162705767681
2.37751711206511 17.8378711662121
3.22121167834848 8.46424384367579
-0.0472018322907388 10.6606594058049
3.58909060689621 7.56565843445025
-2.75824081385508 8.9252256369985
0.681772299110889 17.7812195877511
-1.18512919126078 8.9681719745148
0.961372315185145 19.186680684531
-2.27053732192144 10.0545193569663
4.70800064504147 -1.36060682949917
-0.556082414230332 11.5165605947682
3.31005849828944 9.47946593317232
-1.30279707629234 8.61022999628327
0.730065055424348 16.7295039998866
-0.201669671107084 14.0358369126852
2.44251062395051 15.2321726694949
-2.62352851731703 9.73325942000989
-0.669854484964162 12.2446289117512
-1.59815549151972 8.21808363714231
3.31722479080781 12.0613559678139
1.75032605486922 18.7715943341472
2.89935900596902 11.5644250699742
1.26115534431301 19.4627442892379
4.9755620395299 2.06378844726951
-0.912273332010955 15.1768685064694
-0.568817360326648 10.7733034162913
3.59984736517072 6.56755033499915
-0.58696934604086 7.80235412113098
-3.54653252358548 10.2259867821396
-3.7263963597361 6.22434777748653
2.16829786240123 17.8542005761902
3.64445088128559 7.51896107389764
4.47595460014418 -0.0387056357232816
0.494450377533212 14.6532510762409
-0.924765483709052 10.0624714261816
-2.75493413419463 9.80203281658638
1.85754549945705 19.7517632504755
-2.11939078499563 7.58202652958023
-1.40508519369178 9.23060570897556
0.169535636669025 11.140706377362
0.420961840311065 14.9980224894176
-1.1839547441341 10.3318026181935
3.13372862967663 8.86489147297036
-1.65278773475438 11.3584221518539
-2.37680840864778 11.9625366737685
-3.18608552683145 7.95293172686767
-1.39442238188349 10.2944177770479
-2.03412338974886 8.8015587743048
2.32442911504768 16.3190403194478
0.709264488890767 17.1845399113035
1.9506989789661 20.6339670677998
-2.5321262688376 10.6082510987787
3.11113576078787 9.44877091406907
-2.19840754359029 11.8075392148829
4.05366192571819 3.74330285620839
-3.18282690062188 8.416987879088
3.01375739765354 11.7759432692247
-3.18373897532001 8.14453636743497
-2.73461012076586 12.3467736625128
-2.19500612537377 10.432095324845
1.04998043528758 20.3815514198346
1.91949968505651 20.0191954689885
-0.895770464790985 9.82676738128199
0.742196827195585 17.9598673780828
0.478968876646832 12.8433348955799
-1.15412281313911 7.7077081177637
3.38471240713261 6.58283618029129
3.98583668842912 2.94709731395955
1.47907097567804 19.2960608735901
-1.44052906450815 9.25581001296726
1.05497225676663 20.1722278428022
1.93801138433628 18.5297997273526
0.0697651223745197 12.2562164248923
1.67153589474037 18.7126031273944
1.88890778576024 19.0879045879392
3.81218419666402 2.46340322196734
-2.92653648159467 9.31808108543546
3.69930880935863 2.84878685478219
-0.969902767799795 10.7151791557323
3.42829920467921 9.06375535084119
4.52313576103188 0.631923936186805
-2.08143829228356 12.7396285514578
2.57983946567401 12.7025477747742
0.991140095284209 17.1640266201578
-2.48731114529073 10.8394310443059
-1.56336437398568 11.0134068614281
-3.01342865009792 10.5231947504788
-3.35866593336686 12.7930959873843
-2.48173419572413 12.6806233063094
1.6220632577315 17.6519744087796
2.47186021623202 15.5399156295612
1.74193361983635 17.5594638034001
2.00795324495994 17.4103515017235
-3.16889193211682 10.3972102306355
-1.43662163917907 10.5622524383474
4.55573943862692 -1.12627801475608
-0.794366401387379 10.4825607117884
-2.58467407105491 8.83546331491807
3.52417308744043 6.66590629518341
3.6052537325304 5.70877597543739
-0.585456984583288 9.54557987088574
2.13621022924781 16.907521240886
0.290401835925877 12.1188524920795
-2.63875010376796 10.7858339265966
1.74002894130535 19.0664520976044
3.42391293379478 6.69333932777784
-0.151034711394459 8.28838290886651
0.0103345999959856 9.40876048542625
-1.91954461741261 9.96022936991805
-3.29714764025994 8.83342584726172
-0.941576612181962 9.38766025707437
-1.97425784240477 8.23888940744882
-2.74136388953775 11.1986636115847
1.11711451760493 22.5240357123861
2.12519211065955 17.8218183612804
-1.05309908068739 10.7466660596634
4.17718847189099 3.92948407007367
-1.80079944198951 9.38488934004382
1.36837657634169 19.1731658141581
2.01817504502833 20.0514819757648
3.12632005405612 8.62896677927163
-0.0217648516409099 9.72298159505658
-1.68268301826902 9.11493587958219
1.05259892926551 17.1385952281111
-0.00212789862416685 10.6731135338993
1.07459630165249 18.5718780353604
0.0127967274747789 13.5992050500642
4.50722089060582 -4.33909616334946
-3.31360042560846 11.0324510872044
-1.05279098288156 8.68588526867104
0.81874851626344 16.8449480150717
2.06790571892634 17.0475656740663
2.15703570679761 19.2557113909014
-3.95139035116881 12.168668430851
2.77542483527213 14.362978897611
-1.60163438995369 8.54102956102937
4.15269415988587 4.1089921631934
0.34485762543045 13.1186642211437
-3.36619486263953 10.2859819228509
-0.816863062791526 9.92121819387338
2.58437700895593 14.9429696683637
0.394300364190713 13.9711866651922
2.87002225476317 11.0335617399798
-1.55621992051601 11.8451380837166
-0.248586100060493 11.0341262159017
2.6410952208098 14.9247458646579
2.53909209859557 17.1796941982413
-2.11552138836123 8.04456193484381
-3.29257468343712 11.7362063417687
0.731299948645756 17.0175805949023
1.26392320799641 20.3379815909012
-3.23331337491982 9.27086080947524
-3.99210923234932 8.74833026153412
-2.4513577951584 9.12607511940726
1.60251699481159 21.6529742919791
2.47296101576649 17.9443711888396
4.50836521526799 2.69520336385982
0.291036788141355 12.7702601424499
4.44615467335097 -0.857375201862951
-0.454631588188931 12.3559458780042
-3.96480213385075 7.51688816784233
-3.82908241637051 9.74578339473734
2.33315916685387 18.1972730085029
4.63993915123865 -1.83342217170549
-0.730533552588895 7.5038467459346
-0.588175233686343 10.7826969369815
0.410218377830461 16.5817767853006
4.35613799537532 -0.515687694554559
-3.87992931879126 8.90130010053335
-3.01777413673699 8.49343397421105
1.84906665747985 21.9908816417711
-1.96348406258039 8.86730368900696
-1.30725598684512 8.66008990971789
3.75263543077745 2.97633342963893
1.81181061919779 18.7703173692728
-0.854299050057307 9.04365129288075
-0.182404103456065 10.9703159592962
0.386094969231635 14.2485022520803
-2.62679451331496 10.7595972064399
0.891055094078183 16.7690335739708
1.67456264817156 21.1054339390059
-0.260969672584906 5.13098425187585
2.51691210339777 17.6527052849676
4.33078443142585 1.03907141015273
0.694936495041475 15.7552031321526
-0.0745084844529629 10.760843998793
2.43209680076689 14.5575182877243
-1.60076615260914 8.98765831265876
-1.10811937251128 10.1746745882876
-2.85020548175089 7.49990946538225
4.10512145934626 1.72350426494571
4.70227859634906 -0.0576167925769218
-0.758361739339307 9.55371906961295
0.660404013702646 14.0653525771192
-1.47032771934755 11.8668812898324
-2.52706777350977 7.62340152461974
3.66079768794589 2.6747063987215
-0.195091190980747 9.06777542997298
3.80794585379772 6.29765183149681
1.59329090826213 20.1684827649295
2.76759767788462 14.0686783809625
-3.75248231342994 9.65441807698033
1.2853553656023 20.0287316569901
-3.59723201137967 11.0131027958462
4.50168019067496 1.35312178210694
0.0432655196636915 12.6256105771124
-2.59515248727985 8.75511018547579
1.08971325471066 18.6119609531688
3.85152563569136 4.14383240374647
-3.43230260396376 11.3201211605257
4.61094609368593 -0.481426410629394
3.75254146335647 5.30478942296376
0.695977150229737 15.5338320826566
3.53983977600001 5.57560529872146
2.48871944425628 17.6941422258385
4.97964271670207 -2.65740496238598
2.5607340761926 15.8418938115485
0.503989387769252 16.3107313004095
3.95311317266896 2.19500950703798
-2.27955734357238 10.9997691675674
-2.24299698020332 8.86960593001445
-3.41992323077284 10.2739318629814
3.33315634331666 8.11170387713396
2.30595658021048 17.3714860508854
-3.6064266259782 7.95874037736708
4.27573372796178 0.678146537471868
4.82985291443765 -1.23341467776129
3.34397348063067 7.4146070043014
-1.44503793120384 11.6387903924285
0.0582277637440711 9.67540052920732
-0.616640910273418 9.94763334228743
-3.45626815618016 10.1648377949298
1.41924271942116 19.5822315104283
-1.05004568537697 11.2897447848912
-3.04966490413062 9.93208348185686
-3.99223309801891 10.2478371610616
-0.433157650986686 8.57555007922737
-1.02408706536517 9.38838547805926
0.720630441792309 15.5633780152898
-0.550643828930333 10.7588452672408
-0.697535399580374 11.8424462772677
-3.83312333817594 9.26298961008597
4.80769402696751 -3.49903892158945
0.945867858361453 16.7572292675269
-3.66710716462694 8.50515856852203
0.625851491233334 17.7470835469639
0.122304209508002 11.4487851599743
0.591752023203298 18.0817398912345
3.92693457799032 3.57077647315008
-3.56066583725624 7.52390844686039
-2.18622009293176 10.7918569892135
-3.53045645449311 8.80343376823894
0.00269953068345785 10.0279606490713
-2.88847227278166 9.83735460620037
4.76608217973262 -0.216081692700406
-2.8946040100418 9.46980950922584
-3.72165996627882 13.0739330473811
0.444326887838542 16.7142700189122
-2.10266832238995 8.57714496308616
-0.134003132581711 10.3178883312762
-2.96158900763839 11.8421834879263
-1.46372440783307 11.7640409130731
2.61946502397768 13.554641222252
-1.47968519013375 12.255681438156
-2.26111140032299 8.87264672474259
-3.17560403444804 10.2026280532294
2.12034376431257 18.7976191198422
-1.71100469375961 6.92801420071391
-1.66717855725437 9.78670812762607
-2.65909769549035 6.6393814831681
-0.045524035114795 6.85385839330916
1.98833172302693 19.6537360325693
3.23654478811659 9.59789428418179
4.34084239252843 2.24126591351135
0.990374745801091 18.9695893082876
1.95943586411886 18.1762234861028
-3.76467699557543 8.71883668143399
4.14532898995094 2.85244863373203
-1.33583651226945 12.3216570380123
-1.15279947617091 11.2780699376394
2.86035084817559 13.1225684532345
-3.19266758393496 9.88960448594815
4.71710953582078 2.60557855738322
3.50866422173567 2.42446454756489
-2.80783780268393 11.5886545615501
-2.91242776252329 9.73168754887519
-0.313764342805371 8.19663811257089
-3.00141232227907 11.3386592646412
0.207377773243934 10.4904998382263
3.00702862162143 11.8919925504422
-1.91279707849026 10.2968552978841
-0.516529252519831 10.2259193807924
-3.24950129212812 7.03664415555293
-2.33389144879766 10.2598720289579
4.70324699743651 -0.788668464179243
2.14689629664645 17.2598798233786
4.37306775292382 -1.3236012322834
1.31940399110317 17.8637530416776
-3.28229213971645 8.64703445035061
3.6051671076566 7.5237030275078
-3.73194064921699 11.1122640190236
3.33193747629412 8.54775695751403
-0.483254850842059 12.7463764362397
-2.70935919531621 12.5793299157842
1.99901986913756 20.5417859125311
1.56727548828349 18.106430840558
0.0388690563850105 12.6815207369846
3.25939651322551 8.50128165087957
3.83546195086092 3.21656002396261
4.87564457161352 0.513030415437923
-0.37627081410028 10.1007003448677
-0.830812619999051 9.20979191431217
-2.90291213989258 11.0957911600665
4.91551786544733 -0.565669664392835
4.42156744166277 -0.483758581180756
4.45126865478233 -0.0678830299916368
-0.33266107738018 8.78450740598895
2.94962297007442 12.1538188594402
-0.506062181200832 9.84439440253771
-3.70634882966988 9.52655907780603
-0.43407139996998 10.7420662105007
4.63031174754724 -2.88606504589591
0.700977290747687 16.8535555857525
2.06413391698152 20.2495691152484
-3.90813982090913 11.40870510377
0.55036914232187 18.8008511200555
2.77511404687539 12.5595653258487
0.0653626241255552 9.0849950818941
2.8815491842106 13.0929823617999
1.06324174185283 16.0429370971237
2.61865153093822 16.9314099927317
2.57296187523752 13.7094061971098
-0.935588079737499 10.7016748411214
2.27743005938828 17.0650299169641
0.855979706393555 13.7449723365445
3.91026728507131 3.46312051495236
-3.31909606023692 8.23519250755572
-0.610267342533916 11.4756816945727
1.76444873819128 15.8906933471306
-3.77209136937745 9.7903938892401
-2.13746445858851 8.31456478341322
1.70424568722956 21.7145538509005
4.15456466330215 0.351376601659192
0.463062279159203 15.9634447826698
-2.40458048274741 9.2507326338628
2.79214582685381 13.6314949015169
-3.82231271569617 12.3397645459111
1.57860309607349 18.9082242722859
1.11686307098716 21.8970825275419
-2.63769030431286 11.5778533891957
-3.53657189942896 12.055362114827
-3.62286936771125 6.40575908895956
-2.40930784889497 9.73037338945879
-1.79613133799285 7.65341339597484
3.10379755543545 11.592701063648
-2.43737238855101 11.9564432467679
4.72477678745054 -0.987289343619214
0.421117586549371 13.2689682336314
-0.432405827799812 7.4054716912249
0.58873616415076 16.8186042789465
3.50949181523174 8.74187546477646
-3.49510271009058 7.28010845485851
-3.24220103165135 7.09997640760687
4.39383623981848 2.33372892356538
4.62406661361456 2.19664582506654
-0.429887244012207 10.5944903281172
0.481734649045393 15.0207695008599
-0.395867339102551 9.00598632304295
-2.04042384633794 10.5424609128861
2.73782503209077 13.2054335924867
1.89065119228326 22.7619837655322
0.684075275203213 15.6006258700601
-2.1173261126969 4.9801847552074
2.62719183741137 15.7200724878501
0.680607669288293 14.2812276060617
-2.4969231619034 11.3164182850559
0.864780731964856 15.1357764627629
-0.600104787852615 9.58595078561876
3.9094075888861 3.67900283579678
3.8275268052239 3.35040607325376
-1.43053585779853 6.88488083284494
-1.29857032140717 7.71577892253272
-0.816666689468548 8.63933113238785
0.16806553886272 14.2719051315157
0.944058251567185 17.8968284619638
0.308666310971603 15.0788457307504
3.33716391772032 8.3439244761579
-2.36251209001057 9.20932179300221
4.73893986525945 1.80767408624947
1.73340502288193 18.0329638410665
4.48876843880862 2.61862030082159
0.683753020362929 17.7829742908773
3.48382977000438 7.18025654917343
4.73958318470977 0.923177921435388
-3.74336273572408 10.3257914590186
-2.41868506744504 9.28473409276546
3.454370056279 6.37333381335426
1.61655880324543 19.0233935316362
2.96961190644652 13.6932181307608
2.90011670067906 13.3505474463686
-1.81613160879351 9.82602598784598
-1.84752105246298 8.17782885639537
-1.42545444634743 10.5117685416934
-3.3116764225997 8.38952298555328
-3.23071475652978 8.63742073147204
1.10260739410296 22.1859280028868
0.454951534746215 12.1606162306755
-1.52153902919963 8.58720800415601
0.824960376136005 16.4159191383699
0.62606215570122 14.9063740195099
-3.64221595902927 8.19915938881146
-0.151872423943132 9.69963921793064
-3.48789614252746 8.33913273095825
-0.518867250299081 12.1479368745178
1.12332085589878 19.213043829977
-2.79710182314739 11.3730364642458
-2.6298619734589 7.75131532257164
-1.29401233047247 9.97686864415876
-0.558512529125437 10.8729210893842
-2.20478306012228 10.1569793424283
3.58884277078323 5.70327692013955
-1.20562721719034 8.34515180788839
-0.984223494539037 8.9940525925928
2.14989108149894 17.7217417804752
0.95499732461758 16.8793280051688
-2.9127207477577 11.2220914498499
2.57879456295632 18.1509288174723
-0.360851875739172 12.1042881307935
-2.82669656723738 10.6765443660374
3.31610954506323 8.07438382052287
4.03705900791101 3.1166020680891
4.40117076132447 -0.781395082558565
3.38389430195093 8.02449064712822
0.122463048668578 11.4879176936513
4.08636343269609 -1.85566362286532
-1.1236915467307 13.034619231371
-0.985174077795818 7.86950170425818
2.30313047696836 13.2347537760473
-3.35602006828412 9.99945204456456
0.678981902776286 16.4518702080019
2.25843367655762 17.7146690673429
2.47821040684357 16.3827562684903
2.58698953920975 13.3701757137042
4.5803897252772 1.03498796145581
4.9501689192839 2.49046717943674
-0.581016660900787 8.65803426631905
4.61513901920989 0.536649295664048
1.25749449152499 19.0797707630629
-1.11093059997074 9.9027425527186
-3.14373368746601 11.5611335277764
-2.58681183564477 10.4444291351046
-2.78511300054379 13.0909457054086
2.59426904609427 14.6723717235468
-1.53568892437033 12.3711092690635
4.79194298083894 -0.697421393384545
-0.647957563400269 9.62988415734002
-2.93459768057801 9.4766117964565
-2.79201983753592 10.4606432479666
-2.04206945281476 10.7464547628915
3.99465109361336 2.69930366783122
4.63767418498173 0.986819056061541
-2.36289268708788 8.7489082521617
4.70217968150973 -0.3816844815087
-1.77852621488273 11.0434165555888
1.19416900351644 20.960029176654
-2.95645035617054 10.541345764424
-3.52667734562419 11.1350237208253
0.0253860652446747 11.5979312400214
-1.35658510262147 10.9748943921099
-0.408227352192625 9.64205173203583
3.90631431667134 2.81368788673585
2.46461378433742 17.2596002235726
4.85932518425398 -0.620856962534413
-3.98280358896591 9.78882598843578
0.442997966427356 14.1396084067314
-0.752008495619521 7.46110558913454
-1.62512715463527 10.5347022368111
-1.42256675707176 10.9120109481219
1.57933696941473 19.9018699020741
3.69692877214402 7.59821814251846
1.01836980995722 18.2312852505109
-2.43146598199382 10.9260787788549
-2.36572078522295 10.8521570051812
-2.52762138773687 11.2554864925603
2.50732329837047 16.5942306853421
4.64291355130263 -0.281924458591216
4.260226984974 1.90631914713938
-0.173903279937804 10.4056357453011
0.547107276506722 15.591824702009
3.04330053017475 12.1326836754442
2.60834542149678 16.3196968262817
0.142386656487361 11.4054236212006
1.3956109136343 19.2244317524148
4.61866072821431 2.16906614564146
2.10023366124369 18.7157338847866
-0.287425798363984 9.39797574725493
-0.261215541046113 8.48601864499487
-3.06978842662647 10.4319831732952
3.96065622963943 3.31437432996753
4.88444496854208 -1.6732326336021
1.3248908247333 17.5418057370072
4.14164519379847 1.87972167883827
-1.23215917404741 8.68976055147039
2.08374790777452 20.8707826146034
2.62222006963566 13.1918365175089
-0.332390195224434 7.52175501679502
3.47712302370928 6.59554318963293
1.43603135715239 20.6581375111228
0.23281779862009 12.5582119397981
-2.60598325985484 9.80662458034433
-3.96668792585842 10.6060813205228
4.3425245420076 -0.553180612450341
4.54187662573531 0.508207531622217
0.52363120438531 13.6663812120689
-1.96206237445585 8.71296823243843
3.75980504462495 4.37495138449938
-0.728584255091846 10.6583438536241
0.40987018099986 12.5943081451058
4.52512970683165 -2.30674565234091
1.01833278080449 16.8701827589738
-3.74039130075835 6.79967521943113
4.17634546826594 1.60906613966023
-2.79179057152942 10.9356300324209
-1.32385771442205 12.8830866322776
-1.95886480202898 8.56843458978047
-2.60434713121504 9.2439394995335
-3.14849687367678 9.82638591868816
1.10670235613361 19.322407684542
3.78544115414843 2.71986392496706
-3.7010309479665 11.4869314874616
4.07276596361771 1.36928900826559
3.62025941582397 6.97031101566981
2.22593760374002 15.3228693087424
1.92295632953756 19.1267231539265
-1.02834621211514 10.5532395694755
-2.63908207323402 9.21249452099943
-0.9769034946803 9.23410116828595
0.864977430086583 16.5904314206865
-1.43506590765901 10.165473130946
-0.131806105840951 12.0196773748187
-1.30095697613433 8.36112142181351
-0.174092589411885 9.84159446552147
2.16851191944443 17.4941263534976
-3.8888380099088 12.2611251543595
3.36554994108155 10.8634669816289
-2.98792010266334 10.8011730045425
-1.08411423256621 10.1060974001803
1.8923893161118 21.6733308120522
1.62619793741032 19.2460730220328
3.47017380152829 6.68208330421015
-3.92330946680158 11.6803657266327
4.05075464164838 2.27925061400528
0.772030380088836 16.2152537880437
-1.05720704724081 10.2959781629527
-2.29133208608255 9.28378587918882
1.64630142506212 22.9633779170687
3.77612717286684 3.45881518113698
1.91744561796077 20.9103840130594
3.9393875694368 2.84364409517241
-3.26392454630695 12.1285616587755
-3.873745695455 11.4891589556982
-2.14985114289448 8.96198891591184
3.39636662835255 7.93102529408561
-1.11512383562513 9.76669371499281
-1.42789703351445 10.8044525730453
-2.6943425044883 9.92582254301376
-0.0860009286552668 10.7525354452135
3.90958086797036 2.86593794833803
3.33986624749377 9.55925741759953
0.890869862399995 18.277256662405
2.7917690644972 11.3219361823123
3.200357390102 9.37952330926256
-2.14252083119936 9.46133935242661
-1.53070842684247 11.7862987818284
1.62987026921473 18.1398854813259
-1.92701425100677 6.728008051677
-1.11799271591008 10.7482805274358
-2.50604534428567 11.5071393025963
4.05219836998731 2.82590306278522
3.00618189643137 13.5144254353923
-3.47767189913429 11.443129100328
1.63864566711709 18.48849495342
3.14439755608328 11.4607910027993
0.224778292002156 11.2868597446616
4.26111666741781 2.76921047887385
-0.0268112728372216 11.5886110522117
-3.95919938478619 9.92033913576688
2.94139290298335 13.69735041059
2.67283014766872 14.0891902485945
-0.0389545382931828 11.6176089585317
-0.775209339568391 6.30970471969543
-1.30149892275222 8.3177723533787
0.894949196372181 18.0378648946666
-1.57167473970912 9.18294452843484
-0.458035556599498 5.7312668214525
-1.18526853830554 8.66363100099586
2.80005705053918 15.9316776904517
-3.53669280628674 8.06595377588419
3.41032015439123 7.61205263212002
4.21008144039661 0.445022839424779
2.51107665384188 15.9249218176424
-2.70196299767122 9.71621608368493
0.119075334863737 10.970478626072
-1.52520872908644 9.80398695172833
-0.978377605322748 6.5168102569201
-2.43801920954138 10.0008953354002
-0.00214554253034294 10.2053631437576
2.71531824744307 14.7945534997656
-0.30911190668121 12.1875826766824
1.72003029449843 19.9476688468433
1.23114316677675 19.8619377883597
2.12638143356889 16.2116696714734
-2.15679427771829 10.1593194894811
3.49315296299756 4.06764597924293
2.48526607290842 19.2996903788131
-2.09221381763928 9.42876388984351
-2.56839449563995 10.5634574240422
0.880226498702541 18.4149690078392
-3.38019585539587 7.90801122919244
-0.81612637732178 10.7470093718395
1.41539614880458 18.162856809522
-2.50532100535929 10.7336090679891
1.94931671931408 18.3020362100246
0.251329252729192 11.3990168714164
3.62675633793697 5.99919828491513
-1.37277102912776 10.5862836571951
2.89493536856025 12.0433871869683
4.45416067331098 -0.846566369168076
1.2828346171882 19.8986565907946
4.78212306369096 -0.0537016905533071
2.79865036602132 14.8977957674356
4.80800887430087 -0.965653298545905
-2.52921782806516 9.8030920415722
3.09628922468983 14.0861324838055
-2.85685428814031 7.94573371899224
-1.67966684279963 10.5076022757764
-2.99118988937698 10.6570408227698
2.72123663593084 13.3626302301599
0.660543373320252 14.9999785205674
3.07644319767132 8.31950728646284
2.71260181302205 11.8913786695321
3.83301848988049 3.20120484152929
3.35872276988812 9.85017873400583
3.23608067794703 9.14245740320577
4.37950333207846 3.02211821358391
0.705173789057881 15.5180837330049
1.66098165162839 20.8851247521879
-2.33236951101571 10.1990377693374
0.0409886070992798 10.9900114535066
3.77143523702398 4.43846692337571
-1.71204373752698 11.2443641177931
3.44139203708619 7.03434362520037
1.40250719990581 21.4083314971416
-2.4777135560289 10.7842958678916
0.269093041075394 12.6433125523632
3.13406639313325 9.89476591397033
-0.647125598741695 7.95732606208954
-1.69286352698691 8.96223904156936
-1.75723902857862 9.5787078992326
-1.11776640452445 11.4970148945108
-2.58483747416176 11.2661104304744
-0.617091142106801 8.70995997955756
-2.53464914415963 9.23788364273407
4.60407332074828 2.83802711879511
4.36154537904076 -1.65085844723396
0.132267232984304 11.6057823945139
1.39050684589893 20.2821677945681
-0.120348362717777 9.19727484254769
-0.997854512184858 7.80401526547326
2.02966895396821 18.3358963084394
-3.48568489798345 14.3016389289109
-3.24256161064841 9.82437315596312
1.18820441607386 18.9200076993548
-3.01581152249128 10.2869870852604
-1.21460131858476 8.12989449566752
-3.59691627556458 11.2019144435198
0.191986799007282 13.0591294246178
1.43682699045166 19.3533629415626
-0.238478425890207 10.094934153495
2.56632416229695 14.6325393041182
3.03027672902681 12.214688536827
0.680685507832095 13.6392130469237
0.253759767860174 12.1548492810594
2.88750299462117 13.5111186545943
-0.135751635301858 12.6997383013512
2.39080641628243 15.3685359012486
4.92056606570259 -1.57388829536637
1.29209281899966 19.4409916182895
3.7537403521128 4.16170427937218
3.97070680209436 3.8395351835909
0.965515963500366 18.0404050817697
1.27705219574273 18.6532359348864
-1.90903797093779 13.0239027924222
0.851156866177917 16.9937892801681
3.92744058091193 4.33515714131571
-0.0550413299351931 11.1910661402548
-2.42049577226862 9.29641166785951
-2.23781606508419 12.6598981734012
0.327492987504229 11.3674248909995
-1.0328620148357 8.4996180179516
3.22749919537455 11.0093857117986
-3.36754813976586 7.50806681689282
-0.936203386867419 11.0197715182147
-0.437599990516901 10.3159192247465
-0.789418721105903 11.1831573132203
2.19056783942506 19.3904093738336
2.03129055467434 17.8934482952985
-2.31128513324074 8.90492430495522
0.99914963869378 19.7129852662159
-0.225356286158785 11.421414442134
-0.385755800874904 8.21812522642149
1.19939661212265 17.3471760294674
-0.246296817902476 8.28054428641709
-3.52866336214356 9.97635350353691
1.39148591924459 19.8059725807119
-1.4228290959727 13.724147014845
2.11687695677392 19.4057915231027
-0.729942573932931 9.75850597974453
4.11991245276295 0.859692791692434
3.6871421248652 3.95503084103948
-0.962291331263259 9.0082059950484
4.4780055093579 -1.47721255673619
4.15421243477613 1.7974001003084
-3.75904446770437 4.89730222970395
-3.35712150274776 8.12888921301315
2.34729562373832 18.7202130928114
-1.66508006607182 10.2387150853354
-2.35572954616509 10.8874097126773
-3.20760858617723 9.05649487602625
2.85664537851699 15.0663718132678
1.59356457530521 19.5214982623961
-0.745534814428538 10.9397677008793
1.96764662349597 19.2447069973798
2.55915459245443 16.2671677578442
-3.22631051484495 9.29367383595505
-2.98629816249013 11.9904124887935
0.67179082497023 15.395672804213
4.49797791033052 4.80487989951824
-2.37645796965808 9.7412340238984
1.09493817901239 19.0908016926056
2.20362280867994 17.0713609943938
-3.99256501509808 11.1728458000113
-3.46015036245808 10.3022071681523
1.6909310570918 20.9444551001996
3.25762714375742 9.98333029539131
4.93535503279418 -0.982679157025852
0.340606550453231 14.6619747934559
4.5681214898359 -1.79993462911935
-2.64897010382265 10.245380845553
4.62078627827577 1.50212141372555
0.202610634965822 9.46592938941525
-2.53186203772202 9.29376062625163
-0.442769516725093 9.35526247560367
3.33487633289769 4.77949107114497
-0.78018924407661 9.67589619808267
4.83501579170115 2.32723440752775
-3.39563900069334 7.74816948960761
2.07115704449825 17.0149729485379
-1.48717112862505 9.37107921110823
-1.43003275920637 9.90485912898012
-0.119227387942374 10.1678806516116
3.03995990380645 11.316971105845
-3.37896665348671 9.55487607752361
3.64104980044067 8.98522437247339
1.56930535053834 19.2837736227908
-1.89226286159828 7.86342928033783
4.2362772221677 -1.39148760127926
3.00904226489365 11.0024585738504
3.04626501863822 10.0883392649719
-1.86301348754205 11.6793099525674
-2.08947430364788 9.7004937094688
4.05321872839704 2.22171637568093
-1.699298764579 7.41175520163808
2.20766936521977 17.6556916331024
-1.1135389036499 9.56498092223521
2.17976335459389 15.9575349516251
2.54936509532854 14.1213834581629
1.25061212130822 18.0946680834153
0.358142853947356 14.8288643814204
-3.42786685051396 10.8928430120227
-2.44916489650495 11.1110799199602
3.54390740254894 8.33382122799023
-3.41258002771065 9.48576865519065
4.66922499286011 1.90220525907165
2.4081847963389 16.2688765796383
-0.267380005447194 11.8498877895071
-2.66573964967392 7.99512636144791
0.775537049863487 16.0342718040503
2.2136875926517 19.4651231069844
0.320933196926489 15.8064526275071
0.762126396642998 16.8424076189533
-0.261874503223225 9.46993367650547
2.88304126146249 13.5585105704564
-1.6160472841002 9.80697026463704
3.76754101947881 4.1631401227415
4.03678117925301 2.60027163857196
-3.30407129134983 11.7432098239165
2.31197123695165 15.6718527747325
3.62013254524209 4.68915655513868
2.01569433067925 19.9870570915869
2.78793841530569 10.033269380685
3.00964610977098 13.3883491907134
-0.586762790801004 8.96224047837894
-0.81012274697423 8.32902004305638
0.42909601633437 14.4286115597834
-3.48394383629784 13.5740438617464
2.18629540945403 17.089202859225
4.6207279318478 -2.34940677537781
2.70980377239175 13.9719055053384
-2.52418553666212 11.872374054185
-3.61065655341372 9.55662353936134
0.577110294718295 16.4156222465864
4.34927986352704 2.50260410200366
4.26114490395412 -1.74119169661566
-3.28377092955634 10.9601183605513
-0.377993837930262 9.17268439339483
-3.83161506289616 9.90465206261181
4.70814521401189 3.59210638785875
3.47016889392398 7.17667169131356
-3.93332049972378 11.2972462407798
-3.41213072626851 8.41654759472671
0.480146286776289 15.3073736221792
-0.298093308228999 9.80229102686617
3.59147500689141 5.28031709494661
-3.19840597524308 10.8927162511925
2.29686895431951 15.0710043503339
-3.67276020511054 12.2248444304464
1.07921268721111 22.4680821173152
-1.03716981853358 9.29407907075215
3.39135576738045 8.35834301489873
2.67098248074763 17.8204799607734
2.21605145279318 16.5781690401848
1.6156450395938 20.0653470174779
1.04583503096364 22.3472488180425
-1.65745485178195 8.51958324900628
-3.67461494845338 11.5287661144381
0.443426954327151 15.0479766214752
3.50462759565562 5.86786287711201
0.146211434155703 12.0358763319943
2.36644240724854 16.4667267189197
0.415543568553403 15.2534884470139
0.0898391371592879 10.0818721861558
-1.04993685265072 7.188556286132
-3.66246377048083 11.3011163484898
1.76838396000676 21.6171536025927
1.3321595902089 19.8950735759299
-2.74476777412929 8.67179737765831
-0.855449191760272 9.22785597964483
1.8239488764666 17.5737816477546
1.81792431650683 17.4763880908468
-0.695638220757246 11.8118295255244
-0.855166805442423 6.70637675702073
-0.682718876982108 10.8939095985292
4.27766098943539 0.315473593188163
2.83860511519015 10.8626809921587
-2.70205784938298 9.62798798467403
-0.989667006302625 9.69751792105986
-1.80064063635655 11.9236826829606
-2.53996575600468 13.8381331727202
4.75637745298445 2.92632775519699
-2.96967327361926 12.6031863427658
-3.36415909952484 12.5854181750206
2.73436436848715 15.4466346612706
-2.7903333902359 9.27277373226442
-3.91165119921789 10.2738766793818
3.70630321209319 2.19933423944695
-0.954669276950881 8.75546771863514
0.416396274231374 12.6478176791472
1.14795787399635 17.3750044639431
-2.98607794055715 12.2602494266427
-3.23885327856988 10.8000767401747
3.80388734466396 4.27393104467703
0.525000153575093 14.9940087708881
0.436004081275314 15.8007040667872
2.73782844142988 15.3442468720232
-2.44309421512298 8.55222101827334
-3.69360712147318 6.79388103770491
1.27020048443228 17.6660432616376
-2.31266327318735 9.20820620955385
-2.26767578627914 9.99481130901439
4.64888766896911 2.42560463149017
-2.53966715908609 11.0156309358001
-1.69280683179386 11.0967114697719
1.28538240981288 20.8922172254018
-2.49701387295499 9.79131877278334
1.79802228999324 18.024417592216
-2.24028448737226 8.56393079247055
0.788470609346405 14.9211908644103
-1.01174569991417 7.93168351010419
1.18978927051648 16.855374579311
1.16371589596383 20.5574884487371
-1.50233393697999 8.05661194595765
-1.83261996903457 10.990488609062
4.13292734813876 5.38503221811813
1.21938824118115 19.0720448629026
0.366586190182716 13.2898931538078
2.82781117269769 14.4285568239385
-3.60436438862234 9.9767879264184
1.68469702079892 18.7130700870886
1.62094892142341 17.7161648743807
2.95988142001443 11.9564279595486
-0.409208447672427 9.3165591951474
-2.09560104529373 10.627787948816
1.78542369860224 20.2217803976204
0.0604034522548318 12.6805127117803
1.03016827953979 19.5342062480081
2.72072471748106 15.9037860902828
-2.75851497752592 10.1114790601047
0.697225940646604 17.7264048573663
-2.86365283094347 9.60429634493168
1.25795825384557 19.2688205195568
-2.13144346303307 10.1194895067066
0.682535565691069 14.53120408579
3.70911292661913 2.69563775235466
1.1531153281685 18.675262853962
2.0865706813056 16.4564777788902
0.411421279422939 14.1522162405829
4.6073730182834 1.33239766080262
-2.77781097986735 8.58808619856405
-0.264050464145839 10.0831824939559
1.12160302256234 16.5424052717493
1.66267872718163 21.4536189725827
-1.08019557758234 9.42852079629361
3.58813002402894 8.13037959947474
4.32020622235723 0.826125119019404
4.09784100949764 4.80543394152377
-1.31621753214858 10.5358186994096
0.877563620451838 17.3883787101357
1.04419608809985 20.2645117283913
3.43988503376022 7.90903465182482
-3.78190391673706 9.11116804253648
1.15867085987702 20.2863152480273
-1.70511867618188 11.009397932448
2.21791352611035 18.5749194777044
-2.16663604648784 9.42965827051986
-2.39357132650912 9.91963743908262
4.01873071305454 3.71705813168412
0.155728552956134 13.3504987461544
-0.0404144143685699 10.4766259909529
1.28652460756712 18.3076618280459
1.01864570239559 19.7200850949814
1.60789619432762 20.232948153439
1.56222189846449 21.8194270089928
-2.67672441457398 7.43771831998898
-1.32096315617673 8.80934375437419
2.88343987963162 13.4052000417658
1.56365723442286 17.8350491950361
1.8833144872915 23.9135295179002
4.40641825180501 -0.898425293802456
1.48035910027102 20.6746705423134
2.58242212701589 12.5400735886573
-2.51049470156431 13.5280823121978
2.86259075044654 13.9152675366403
3.04404812050052 10.1516478252748
-2.18206109106541 10.4178107433622
-0.323822582606226 8.8632365368775
1.13944833329879 16.3329122264768
0.385725341970101 12.0191787525453
1.53834185632877 18.5364631376319
-1.56447777571157 11.826151834117
-1.69418956711888 10.7459340611952
3.05114195356146 10.3106528669376
0.920629388419911 17.5498150078554
-2.50167622487061 11.7156247445592
4.78204060881399 -1.58247826536404
0.396177128888667 14.8179893630739
-2.5159366982989 8.50501534123781
-2.07824591035023 11.1466460736496
2.38865340291522 18.848968716037
-3.08896669885144 9.30019808559738
-2.72693712334149 10.7309275002342
-0.314438396599144 6.47110897670795
1.73821697081439 20.3783312272019
-3.78407282428816 10.5030392248984
-2.66128179104999 10.6810134064725
-1.68247498571873 11.9461346137516
2.50270138075575 14.4373578121455
-0.117337882751599 12.239000970821
-3.07911594887264 8.46291694091596
-0.546481197699904 7.38405670478166
0.573519525118172 18.955377554401
0.676226790063083 17.5648473069041
4.19081992120482 2.55117507477431
-2.44736451189965 11.0099471306249
-0.29224819643423 9.66606135170063
-0.254331810865551 11.6138844974413
0.118701105937362 13.481773860905
-3.67569547635503 7.50129751652887
4.2788201731164 -0.903564505890692
2.77555370493792 12.4230415335491
4.81225731107406 0.891157598310687
3.96763141267002 -1.10315217268266
4.94139078259468 0.0091780656592732
-0.622162122279406 7.67863870674243
-0.877640429185703 9.44769327924311
3.00314478715882 8.80887523940585
-2.68886713101529 11.8727232850663
0.527779397787526 14.5945052882136
2.68273915816098 14.1176754920796
-2.18742240988649 12.3873523104679
2.01591376890428 17.6418972175877
-0.00592498877085745 7.52550303260669
4.10576215735637 0.793259054071809
-1.35928599908948 8.95564492405544
1.03731676260941 19.1709987350543
-3.7429724407848 9.49474900373961
1.0749394337181 16.5377043545579
1.14534452650696 18.8141554518394
4.41460820729844 1.39457490633784
2.06441793357953 16.6567543861417
1.07909094006754 20.4168500146262
-2.47130997059867 11.1320481306886
2.77209372865036 16.0122511976927
-1.26319134747609 9.47542572727991
2.17391623114236 18.9118732259068
-2.90006967936642 8.60289188498046
0.340377087472007 12.9278588897633
-3.21866972697899 8.31380468011238
-1.33248796709813 11.7207671079106
-2.83451987942681 7.68278402494563
-0.689332242589444 10.9835003448982
0.240122124319896 11.2843794201365
-3.76891624368727 8.32329455526377
-0.0694520510733128 12.3374682745856
4.09509934554808 2.0166303402976
-1.96470604138449 10.5332965920084
-3.50190647691488 10.311214832177
-1.16543194721453 11.044126103916
-1.50375492731109 12.3598694075457
0.260123365325853 12.6712399074055
-0.799888679990545 11.9534579114554
2.03568271384574 15.1829130827147
3.9740027403459 3.61262764694762
-0.258583451621234 10.6765571164222
0.707596054300666 16.7895083893315
-0.956419426715001 10.2033590997804
3.44725460209884 6.25855430543638
-2.52446134318598 9.00307829135247
-0.541386685334146 11.7530360747283
2.10764817963354 18.2945792009796
4.57407985790633 1.98586398654236
-1.92511193617247 9.38089792788579
2.18183060851879 16.568980838105
-3.2263623108156 12.3144994172388
2.37120518065058 16.8065493715953
4.33733536442742 2.64276934747241
3.28910770500079 6.55898814927097
-2.4245191172231 10.5726688544756
-3.37774673034437 9.49487991332727
0.978948839241639 21.4255972046606
0.462214409839362 16.551616433071
3.43991632340476 7.95727242305058
1.26402696757577 18.7220841764641
2.08916286658496 20.2598978185325
-2.00540870986879 11.1547149707375
-1.10033178818412 7.68520630700552
0.543696889653802 17.0737871795604
4.49077889067121 1.61576129562356
-1.88184933178127 9.6998875882661
-1.56966079678386 13.6991703339806
1.28269463521428 21.1124072991211
-3.35732616158202 9.17771225268243
-3.6656986863818 11.4898252861189
2.67513856990263 15.152097669795
1.50756566203199 19.7001031235589
2.77737316046841 8.34276202302098
-1.63930819067173 9.30945154918663
3.24757144786417 8.98105828520193
3.43599684908986 8.25573469356413
-2.33594139199704 10.5642111203841
-3.78182658320293 10.3627932378751
-0.9432607376948 12.4211368292321
0.652597209671512 15.9878933899227
4.95505901169963 -1.39608795748896
-0.286767422920093 9.19435624348441
-0.358074706047773 9.70516973700157
3.43872926570475 6.15266896084774
3.54247689666227 3.11428640752313
-3.48653055657633 10.9527325815099
0.127904427237809 12.5420104911462
-1.3756447143387 8.82214813427446
-1.20896522211842 10.6979580827363
2.85552263096906 12.3167663420968
-3.86998835019767 9.52738117635023
2.57018046220765 16.3747943404069
-2.84720446495339 10.6689838481147
1.75284334784374 18.900926473798
-3.59587349346839 8.82896986815236
1.52190401800908 20.857350925301
-2.90912392013706 8.40148799731644
-3.57156292744912 8.87314043976611
2.48234559572302 18.3381977340829
3.22369339014404 9.43640138641825
2.89524958096445 11.7285285305828
1.26876964536496 17.6627298427371
0.308991107624024 14.1886734524915
-3.68693980155513 9.11392766146965
-1.83824996137992 10.1550105299937
-0.119664977770299 11.9041988527275
2.1514108357951 18.0100323229576
3.46909454558045 8.43305176958252
-2.57701138337143 8.16624793009601
2.83295722538605 10.2169365753221
-0.109239340294152 10.5235999515925
-1.62465600995347 11.9046054159647
-0.212057229597121 9.1578425576948
3.3615772081539 7.40964011054364
4.61529890610836 1.52887124099505
-0.888724729185924 9.27262233473703
3.37245904537849 5.91943542680676
1.83878693007864 18.321825428361
-2.17354213958606 9.72321018527846
3.41090907319449 4.86116798684594
2.63941516680643 16.1073581194114
1.86750227632001 20.4814381947364
-1.99301137635484 11.3482090621871
-1.68723369808868 12.4728626785548
-0.425516167422757 11.5799453196265
3.14498225250281 12.2829023051965
2.5587429550942 14.9436481589025
4.37197831296362 2.43057273556913
-3.92278158292174 7.83981883694014
-2.41245715203695 10.9815859879842
1.56989833037369 22.6527000624108
-0.150563969044015 13.2918719542026
-1.32292379438877 10.4655295388283
3.58005531760864 6.97773755344271
-1.7400856083259 8.27420960639972
-2.22601629211567 7.54598397191923
-3.68592239776626 9.98025463113218
-3.61504318471998 10.4686412841468
0.942050542682409 17.8757362528743
-1.20634338166565 8.71617625251974
-2.42186580481939 8.0444554094155
3.71208960656077 6.10548703612817
4.57222363934852 1.7076387514414
-3.22039314475842 9.74537929639599
1.53204928711057 22.6822457811325
-0.382452964317054 10.024516814612
-2.4729979224503 11.5633900701311
3.48761872341856 5.53413322502431
2.01108274166472 20.0155221158391
0.668430310441181 17.2537927804312
0.740340197924525 17.208877838105
2.43153865193017 18.264269380587
3.79769789800048 3.68620302525107
4.53028976358473 -3.04438232966425
4.05895327869803 1.52122496585415
3.34530515759252 9.19176528174721
-2.63116079964675 7.00143262297231
2.50523290620185 13.1985345109605
1.79780756868422 19.779905226472
2.19453775393777 18.3099787903736
-2.33568521379493 11.9504818037623
-2.88987668789923 9.90165687192674
1.10458991117775 19.7455476160264
3.19388522184454 9.91456597607183
3.58015910862014 6.94477780362361
2.35514718294144 18.5443140555963
3.98262180318125 0.412778731665411
1.91078764596023 18.3339828471937
-2.65665860357694 11.4698730079937
0.70526479347609 13.0151678745658
-1.51340198027901 5.88981648771412
-3.08329769712873 10.2179432206269
-3.72179772285745 10.0536591927772
1.0493146837689 18.1149416821961
2.79454375314526 14.7584963461189
4.0572738701012 3.9778432810001
2.85708623728715 14.396499541789
-1.56672543752939 9.71742647594409
2.57821356714703 15.2970741985711
-3.67723012110218 10.4879413991594
1.51964930491522 16.5849887219434
4.70273762079887 -1.60622367695871
1.59960978408344 21.2708302076658
-1.42345749144442 10.3953913010839
-0.983988216612488 7.91572114568075
3.85638006520458 5.50779681875315
-1.94241145718843 10.7836490016943
2.60333392350003 14.1626515798559
-0.661636051954702 10.0180672456984
4.56183163635433 0.220054417797279
4.90738450456411 -0.287076202065604
0.348919193958864 13.1262901050547
1.51272006938234 19.7458762034924
-0.562728548888117 11.0561495349098
-0.659507540985942 11.5994470980971
4.62547559477389 0.921121053123288
1.58356799487956 22.7926003998546
4.86030959896743 1.10197763336814
-1.03211601288058 10.5161980194522
1.62458877754398 21.3302479406379
4.11875836108811 1.49370877757808
1.10691303526983 20.1149073976509
3.22975711035542 12.3277724797489
2.93955977447331 11.6736709773181
-3.77817149716429 11.6551473036254
-1.74441059282981 10.039739491755
-1.49670908902772 8.80337059398298
2.21627042582259 19.8020509675813
-3.31469600112177 10.7346620548285
-2.54936288157478 9.49310341039755
0.506153674796224 17.6667148156038
-0.552548333536834 7.02946902677386
0.435797035694122 14.1207621667374
3.07993434835225 10.2827122723316
3.13232349790633 9.88335481335912
-1.99528968450613 10.1939553907028
-2.90789907053113 12.978778152151
3.22318953298964 5.86414109109088
-3.0702446536161 11.6595211925433
2.23006295645609 16.6878714865815
-0.471445382107049 11.5074746894997
4.31759413424879 0.0533909911203914
-3.51583523862064 11.3787330523174
4.86348373559304 -0.24114823716498
3.22593851224519 8.18081835361024
-1.45733260735869 8.03483550539215
-1.00007170788012 8.40383300492815
1.86771105485968 18.9818216133836
-3.22997296019457 9.93544116820388
4.46415812545456 1.12944465202426
-0.795054375426844 9.87799959872852
1.20997752854601 21.3279542488814
2.78346182103269 11.5214560469943
-1.69045475451276 10.8878005377495
4.0543118941132 3.55496950482204
-2.56680616480298 10.8164242380509
4.2078949874267 1.03934886100842
4.27378855855204 0.137939054809446
1.8775038397871 17.2779505972355
4.95798710174859 -2.16977465819118
1.96095579653047 20.3662765558167
-2.6726750312373 9.49099828619173
2.49484488880262 13.6030700155066
0.896075250580907 18.6334192120769
4.80885339085944 1.30986171883564
-3.47410747176036 6.55839491951387
-2.72485322924331 12.9411500581246
0.749950867146254 18.792164888579
2.16081070434302 16.2833113879425
-0.585820868145674 8.71324637112122
-0.767465818906203 10.3333591733549
0.456723934272304 14.9931611605003
4.01056414097548 0.458493652342054
4.98292990005575 -0.65563272008758
4.65029879799113 4.95325302409604
-3.27141026896425 11.4999970749317
-3.69033559341915 12.2248607789212
2.00453452230431 17.8045308439512
-3.55776334553957 9.50778764272768
4.69915929622948 -2.16132943747857
-1.36465648771264 10.5798996504629
-1.56466902769171 9.9196016371767
0.373263285495341 17.345470627936
-2.14334086631425 9.49093867040992
-1.93996992195025 10.0171270002718
0.673386707901955 14.7304726943726
-0.706395201152191 10.3685470569769
4.12964577018283 0.396276881472358
-1.82519130199216 8.3384810854262
-0.708229565992951 9.83328840222274
4.82791549200192 -1.37862648862868
-2.62754507292993 8.62001731236099
-2.24315378675237 10.8156225356406
0.753093236358836 18.5811957676845
-0.3224495514296 11.3903736024645
-3.80375459534116 9.99172279633017
-0.171310369623825 10.1456648634462
-3.36959399678744 8.78792692287339
4.00307194329798 2.88416643267344
3.75226572598331 5.86373720663911
-1.33981270482764 8.44497398780428
2.09135029395111 20.2742319917265
-3.08504884224385 8.96048514823102
-3.86632573720999 10.6883241771654
3.83897617901675 1.35634995429288
2.58427249919623 15.5629714904382
4.20891845552251 3.3379881292133
-3.90469879191369 9.87480562028486
-3.63987923320383 7.46757845168736
-1.05296059069224 12.6101863037892
-0.521930993068963 8.68492668907048
1.55945444758981 18.4305514571324
0.143414761871099 10.4444293957849
-3.31080115912482 8.40709695477912
0.352598507888615 13.7689502307134
4.07760146050714 2.48109368258961
-0.986748748226091 9.42223298579432
3.98950412520207 3.81671634925225
-2.29202923621051 10.7132697329846
-1.7510471532587 7.95337448715836
3.72395055904053 5.55544125526523
3.81974660325795 1.64804056910045
-0.629272909834981 9.86595306906612
1.20119055104442 18.8871391445733
0.399608881212771 12.6123994376642
2.67971399519593 16.2582238574187
-1.96951912716031 10.0412851325399
2.7400196029339 14.7383747104188
3.42381660896353 7.14276447906043
-3.10410958970897 8.58511130823824
-1.51715769525617 10.9299117070067
-3.80760901561007 8.72503452267667
1.36618670145981 21.1506852924012
4.87655947939493 4.00177034347597
3.60835252632387 6.04912131139544
1.32344651175663 20.7752428307435
-0.909826168324798 10.6995418438844
1.8176771174185 21.6983141713531
-3.66544119850732 8.00130808150411
-2.95203237235546 8.46946108393394
0.64919590880163 16.1637325959463
3.84168500895612 3.46154150998916
-3.07686008955352 8.1586116697959
4.70369707630016 -2.80569787999844
4.54092914168723 -0.607979365204765
4.43054843088612 3.02682895968917
2.82740362570621 16.6811148094362
-3.8064615665935 11.3363285540858
-0.160779820056632 7.40747642617259
-2.65853222087026 11.1993838944965
-0.124143994413316 9.13570621490403
0.850559965707362 17.7213025591166
2.66873025288805 15.6383802867589
2.81343905860558 15.8788494494425
4.21305440925062 1.43600145319915
-1.36066813091747 8.87452597082248
1.00158740836196 19.647183980173
-2.24234854150563 11.3116221141629
2.98764068027958 12.9795953983063
1.31783849257044 21.5118297806409
0.889131799340248 18.2272557508229
-2.44361446518451 8.49077785177221
4.1559494480025 1.72173913796421
4.81548852007836 -2.76631861943324
4.90598956518807 2.02810873630592
-3.69433163641952 10.8090675627183
-2.6809982904233 11.1243133424232
2.25095953349955 18.0324420620178
-3.00569599028677 6.17404161764433
-3.793457506923 9.02450141911987
-3.87214073911309 11.5109177143792
-1.20514835068025 9.56208902374861
1.53099219291471 21.3313365213411
4.38026245799847 -0.95370958505919
-1.8740861848928 10.4129933098099
3.82117613474838 2.8384663034442
3.79249172611162 2.90233243880385
-3.27300223754719 9.70266312898937
-3.78962524211966 12.743617949402
-3.37037094682455 10.2755442552049
1.2086574814748 19.7073137713869
0.708510549273342 19.053980802358
1.92752908938564 18.910116049657
-2.46729142218828 10.8283604073444
-3.33879010449164 8.84305463639298
1.91789818415418 20.7609942527127
-3.86341777211055 7.84483006660522
-2.53684411314316 9.91067829487435
1.46867009415291 21.7522452394943
-3.51683047856204 12.1415032360413
-3.41951169189997 9.86164596462235
-0.998171999817714 6.1764101814102
-2.79243266722187 12.6323981977566
-3.00607245508581 9.00393327283344
-1.35026016039774 11.1490834406606
3.75262218737043 1.54826133623471
2.54091122094542 14.9382011674919
-0.680027114693075 12.6096971718447
-3.27593033388257 10.5486979181927
0.364166139857844 14.1113893238523
-2.42250891891308 11.4367747996361
4.24667912628502 -1.11860406961507
-3.40689503750764 10.0508429973071
4.71562518039718 0.759851771136325
-0.66641548438929 11.8125433243608
0.309972094139084 11.7552825611858
-2.20766411721706 10.374783890415
1.67503766529262 21.0117243147561
4.38789857085794 6.46701996061778
4.1427443169523 4.12286181084789
1.0306847661268 14.7835745718047
-0.123240117216483 10.027563860583
4.74730908661149 0.311827767569445
-2.66503661335446 11.3090595486442
-0.7624983091373 8.88123503016944
3.55943596572615 7.53641986304704
2.96210907003842 10.676822199393
-3.42692373553291 9.83442712505808
0.0123044981155545 11.0892275792401
-0.371828003088012 9.02712802662486
-1.38697441131808 10.135785792832
-0.905935485847294 12.524784317996
4.39022293337621 -0.227364248592061
-1.29481522249989 8.14635679056481
4.1981789493002 2.45108164631787
-3.97347601433285 8.74473494210675
-1.32325283857062 9.57055995916757
-1.49228178872727 10.8124788253185
-3.14451021212153 10.7381296062426
4.07569521246478 3.8464609659562
1.16509096603841 18.1012082982942
-1.12377059855498 9.490221488054
4.64626318612136 -1.03097573227548
-1.58850444247946 9.739814431559
3.77749918354675 7.243887670267
-1.726051163394 9.90231689424487
-3.84203104441985 9.95550402573079
-2.28227901039645 10.8184414292818
-3.847988614114 8.05319458676232
1.02243086299859 20.059538983625
1.13155953749083 18.9573823400889
2.51002434780821 14.7761987957813
3.68502198532224 5.42816201210312
4.33661102550104 0.404708323943994
-0.0667627383954823 9.75741636827533
-3.47202739981003 9.81620057805336
-1.49287196900696 12.4755283427514
1.88338029989973 18.6307654973753
4.50855828612112 1.73383200969359
-0.0480380633380264 10.263072171966
4.75313774473034 -0.436059497089882
1.51058736327104 18.9508084877579
0.973372451262549 17.6805050239978
-2.64007935626432 9.55853868176571
-0.192491472465917 11.7449944056155
0.66335142403841 14.9074133531591
1.52968708029948 22.6208693132185
-2.88103653350845 9.72674363831839
-0.672471937490627 8.95417294382892
2.70750081725419 13.0732111639142
-2.28614592808299 10.3009687781708
-2.45176695776172 12.7968556755562
-3.48429571278393 9.64118265735234
0.728011834900826 16.5007230053
-1.04946027020924 10.3281158478066
-3.84969660709612 10.1014587169164
2.72397101391107 12.8692133843659
1.65338168153539 21.5471835922199
4.74217254738323 -1.96440379564391
3.79408321063966 2.36019923245167
0.239225650439039 11.7048138684187
3.00389268761501 10.9271466658646
2.86890736105852 14.3797437430293
3.68585297139362 3.82525141389824
2.83323633228429 12.7498220310293
-3.2119718529284 9.46818287155461
2.15384837496094 20.9140757416472
-0.104981867829338 12.3181143372594
0.503619982628152 13.1325528003041
0.249942460563034 13.1719050230507
0.65853855619207 14.044094325553
2.87867954326794 11.2724290886769
1.92574100312777 18.4460791857865
-0.0996030140668154 8.6443171057089
-0.249157773097977 10.3657492671682
-0.224873329279944 9.49890293368879
-2.67995523172431 10.4899234049962
4.58005075482652 2.05485939607958
-1.82487210864201 11.8737646795403
3.76114355074242 0.879242299627573
3.78675242746249 3.57968020247385
-3.64444363419898 10.7622344641633
-1.06192074669525 11.8637374598083
-0.847633928293362 9.08717528930491
-0.351593977771699 10.204524685824
-2.55495840962976 12.6112938078225
4.49482138827443 0.554136338840142
4.98666795017198 3.37523749867322
2.33026935276575 13.7051813219946
-1.20518522686325 13.2542044832971
-1.69234118773602 6.20002217342469
3.8707153534051 5.15077596720949
4.21051116799936 2.93434961791404
0.845126851694658 16.8727013638599
1.3798031785991 19.2885609092838
