1.05306401848793 7.55375397712985
0.996399041265249 8.81435680342988
2.18656126223505 9.89282176602042
-0.808185286819935 -9.69348430076977
-2.30720092914999 -7.63195507220083
1.14259884320199 8.77946581363977
-0.390752486884594 4.70894614587637
0.471260692924261 9.75822163782731
1.97397752664983 8.47604679027922
-2.89645775780082 -9.98443959404196
0.175311947241426 10.572711819771
-2.9899136275053 -7.14067967218982
0.673740670084953 1.98824577148011
-2.33906085602939 -3.19536845717012
0.162253836169839 -3.04276691190432
2.85254482366145 -6.63906166019749
0.580546958371997 1.51206824178157
1.41028505004942 7.36138722198292
-0.0787366405129433 -6.24772360112212
3.65099823847413 -0.252168006971379
-2.91360975988209 3.10028787403416
-0.679155968129635 -8.41776597881432
0.552536020055413 0.192096316508902
1.03349220193923 5.73620745540039
-1.40461829118431 -5.39867603073525
2.7450044658035 7.47053892853904
3.39573886431754 3.44598905747314
3.19808089733124 -9.65531020674921
-1.61441558413208 -6.65886028814161
0.3356121070683 -0.71054507447737
0.483729856088758 -0.507471242608104
2.6132311411202 -4.85135464800881
-3.80613681487739 8.4795867068093
0.585485208779573 1.02501871244103
-1.96010548993945 -6.28970830446754
1.52703424543142 8.52909222999117
-2.37034315243363 -8.48936362159743
-2.57206340134144 -8.91044615668581
3.12776063382626 -9.36424737004956
-0.306019064038992 7.829358928859
-0.480368368327618 4.24242732992319
0.699132984504104 1.41160265114393
0.461018402129412 8.00514116429771
0.984796617180109 4.76330784304934
0.944197243079543 4.10786561281824
-2.82375503517687 -9.90835739362363
-1.61863391660154 -8.57897574545212
2.11861322633922 10.1434681243709
0.945473097264767 3.41856734700878
1.22961287759244 6.28355203711128
3.47237177938223 -9.57980154418422
0.871430311352015 8.08291620347866
1.85104189068079 0.695222878511892
-2.67599529027939 -11.4976093597603
2.10008066706359 -0.739124051988174
2.26137610711157 -2.00102368175372
-2.38405430316925 -3.48128451361338
-0.732286740094423 -8.25175173130647
0.568398518487811 0.826445672391192
-0.101577473804355 -4.09469969692893
0.922970538958907 8.74896836603044
-1.83509135618806 -8.7662611843795
-1.9503907263279 -5.87972642003962
2.26768173649907 -1.39917928147869
0.373892789706588 -1.25712892271706
-2.66815664432943 -9.50527288155708
3.80625831894577 -1.78328342249859
-0.0922869965434074 -5.91396830408766
-2.68083262071013 2.3135071323673
-2.29177414253354 -9.94520661697989
1.67880302481353 5.20512932793011
-3.19019262120128 5.41361175825344
-2.86838855408132 -9.97672292817243
-0.723945241421461 -8.30195252669278
1.10063730739057 4.75630046572394
-3.80806473270059 -2.49291093220246
-2.8100282587111 0.971807192078466
-1.93997776508331 -6.63018200698988
1.78017900511622 3.54944895451866
-0.548744784668088 -10.587970960644
-3.1814363989979 5.00671222433878
-0.930205509066582 0.433052763481118
0.0653506889939308 -6.17726196535475
0.156646035611629 8.52114161655757
3.28072881884873 3.87206903992936
-2.61987956613302 -10.1096390527352
-0.704220619052649 3.61930283871273
-0.670517165213823 -9.88329177035884
-0.338932350277901 5.9223574903619
-3.71172931231558 -3.75259288108637
3.35895126499236 -10.2823784177275
2.02271440438926 10.7872365815206
3.83311760984361 -1.686637093629
3.08233903348446 -6.53511115699139
3.94790291786194 -1.38701012453458
-0.997477442026138 -12.464820725658
-1.22456927038729 -8.88909309911567
2.22501758858562 9.71361924667377
-2.83454856090248 0.790506612187054
0.0246927980333567 7.20745096187661
1.94021258503199 1.11498303763238
-2.38881991989911 -9.88750516318201
1.3474789056927 7.68167595732123
-0.449711101129651 -7.99127461959868
3.2051219176501 -9.11515381413351
-1.65269866585732 -8.1917660785768
0.477614900097251 9.64648757129242
-3.77153105847538 -3.13982013483764
0.511057274416089 9.75299957775785
0.573639579117298 -0.402967763422313
3.47965173982084 0.766736814980999
1.39059371873736 6.5844472010441
0.514747502282262 9.35051395766242
-2.64116441830993 0.270550127640264
2.01963886991143 11.7034026992336
-1.56728119775653 -3.76551039948276
1.48792553879321 5.03882372707777
-3.02228415943682 -8.46872265391861
-0.141887033358216 -4.55399956249999
-3.3054842017591 5.95973830927606
-1.62887819297612 -7.19169718132655
-2.96401767060161 -10.4949335148549
-1.05718421563506 0.143532261598916
-0.231002556160092 -7.17004384279857
-3.79459221661091 -4.84474087852458
-0.506179600954056 -8.92997998473458
3.1956438627094 -10.1148228908529
-2.19084981456399 -8.0326946665495
-3.55725020170212 7.16995095022112
-1.48038395307958 -4.15645932583412
-1.78111549094319 -7.67879145239522
-0.213223675265908 8.11012439838483
-1.15545660443604 -9.50039320489202
1.36505130119622 6.04107433345103
3.08800243586302 -10.4757726919465
-0.674296401441097 -8.32293517305122
0.184529826045036 9.9323341459196
-1.29459504596889 -7.51884407165765
2.6197818685323 7.89070844632467
-2.68841008283198 -10.8088400764221
-0.925677053630352 -9.5687886716574
1.4290206041187 6.32507800870675
3.62140431813896 1.41256121321103
-2.15565505437553 -5.71748984006977
1.49496054090559 4.64761706812476
-3.31232205405831 5.87777022844901
1.66329349391162 3.77220308702267
3.41096476837993 2.54523318525184
2.47920684888959 -2.00506591692357
-2.59957254864275 -10.7316810589663
-3.44688598252833 4.7588482060383
0.425732301548123 10.5724647576682
-0.0335871912539005 10.4262450417316
2.61325895413756 9.69156546623923
0.679135082289577 1.05395098810412
1.41258921474218 8.84624269949636
-2.22702996432781 -10.3547325229975
-1.42251714505255 -9.25799150612037
0.0388416796922684 8.36224786331113
3.54735901392996 -10.4716262434751
-2.11719940602779 -8.28344316268479
-1.8396984860301 -6.20058645643038
0.695728564634919 3.22941372286819
-3.42873436585069 -7.26772619616481
-3.70284327678382 -4.6895694994825
1.93345650658011 1.29841299161973
0.895613921806216 9.42861263337666
2.02433169819415 0.014134040715569
-1.90160728059709 -6.43241202922556
2.44228573143482 8.80610325777685
2.60977497696877 6.96075327318057
-2.52083679288626 -0.41368834520666
-3.80606807395816 -2.75953808744028
-1.28289843350649 -11.4758377077721
0.135641964152455 -5.3760102152144
3.96005245484412 -1.9869006714249
-0.699348820373416 3.7595137486655
-0.762733072042465 4.775628453202
2.61220379173756 8.81209106906832
2.70442390814424 -5.27507984031595
-3.54358271695673 -5.73387562714945
-0.330751620233059 -7.83652425500568
-1.66723974607885 -6.23015266016203
-1.5190801974386 -9.46126001662878
2.09379789419472 -0.0851101309922953
-3.8844340890646 -3.73985909781915
1.84016041085124 8.47807064634891
-2.97529285773635 -8.60275486592364
1.11363853141665 4.21236368381902
-3.64077643863857 8.15151625840955
0.908359127119184 8.41560399594633
-3.03033237345517 -9.50882914202192
-3.61916704662144 6.3444886295555
1.76208497397602 8.09962074659179
2.42106079123914 -5.20941804519451
2.12911073863506 -0.470584289213858
0.68335079587996 9.98673721460144
-0.169785682111979 7.22126012144638
-3.721724268049 -4.73536933291379
-2.07844441011548 -5.8326831441925
-0.550813313573599 -7.55068273328481
1.46792074292898 7.0901357316187
2.63919515162706 -4.78095899936132
-2.73512122966349 -8.22394420109233
2.07373975589871 -0.176303801916131
-0.541546080261469 4.77599482442805
-1.88858311995864 -6.14885182445262
-0.632939759641886 -9.50366676011831
2.54362418502569 -3.75301952426849
3.65804347209632 -10.1339081749313
-1.2344219814986 -1.67659529401065
2.55329692922533 -4.3898548308993
1.19003282673657 6.25689123609137
-2.37648190185428 -8.8591892317344
2.58747473172843 9.01450357795693
1.9017023704946 0.762707531795142
1.21555757895112 5.70877134575908
-2.21601011231542 -2.0897282494655
-1.94420773163438 -7.37689822361345
-0.822681037709117 -10.5767648526361
2.35109533555806 -3.41013192567835
1.82999373786151 9.11571315855417
3.44175850041211 0.859542489367152
-3.93136140704155 9.41998406391195
-2.58885080181062 -1.56521607467706
0.951020738109946 7.58031929362162
-0.57827908359468 -8.68794092060277
-1.62037670612335 -6.24498652634906
2.73782694898546 6.45119357286271
-1.9911872074008 -6.06954834867245
-2.42312559299171 -9.79386755767101
-3.72081990912557 8.91404536115227
-3.65781616419554 8.51885127280521
0.392933815717697 -2.10289760558864
-1.51674967259169 -3.74022879290547
-2.59721404872835 -0.848541800374133
2.85519076138735 -5.54607869168405
3.61975434608757 0.982172873352585
-3.30701612867415 7.93353610628133
0.917377144098282 5.36882160696836
-0.784402634948492 3.51760561881713
-2.64266481995583 -9.93005039242788
2.65566108748317 -5.5737041105665
1.34318465925753 5.65427851510496
0.149715831503272 -3.16673022489202
0.213635731488466 -2.658198056124
1.71692324616015 7.03535278234216
2.93128702044487 -8.78287740767809
3.5824797898531 -9.95224508135958
3.16351402550936 -7.76174196599863
2.52916014008224 8.96743432566515
-2.78325404413044 1.51929286260786
1.7824292499572 9.57908992645158
1.15360672771931 6.22110182124031
1.50625578127801 4.94731584823303
-2.52060907892883 -0.614389402272659
-3.0132237225771 -8.96856517658628
0.537413254380226 12.3707298752798
2.39456464163959 9.78630719020272
2.73791920766234 7.58515038152616
1.64901971817017 9.06284478492208
3.09566382505 -8.48737600859781
1.25403346307576 6.90048573828013
-2.80591875873506 -9.38692809668896
0.182457594200969 -3.45461838198823
-1.7896906491369 -6.04340007025815
-3.18515350855887 -7.88276714242789
-3.7527090869844 8.73062322167358
0.488279718905687 10.6891219391555
2.03959444724023 10.28303463845
3.16202121786773 5.08052421488344
2.09518776647747 10.1421865226316
-1.8370892778039 -8.50915398097712
1.84730094857514 2.40694325870352
-3.71309344097972 -3.86654330834136
0.906354937702417 9.05441730596962
3.73576677404344 -11.5960855152978
0.977430919185281 8.63386612196876
-1.70973999239504 -7.26356987747536
-1.31910063698888 -2.72294205133414
2.98344894684851 6.72580238722444
-2.17103240638971 -4.75757479662565
1.86963015422225 2.84989991034499
-1.03256537951529 -9.37069903104184
3.61051701009274 -11.1593796213919
3.91767511516809 -11.0333663149727
-0.134294049814343 6.82659929762009
0.900195617228746 2.30917609576803
-0.94464759901166 -9.58634905490221
-1.03067336976528 -9.42194497880454
3.66708941757679 -0.31604338270077
0.963171551004052 6.26194465617409
3.87583075463772 -2.49680197261977
-1.36188090033829 -9.00053252086076
0.999634468927979 5.32364535711802
3.21667409874499 4.90714486470006
0.539478253573179 8.97542472570347
2.42645076476038 -3.51246950414105
2.16849757730961 10.5156635308327
-3.80281910859048 9.42644425169312
-1.99503163807094 -8.95193780147941
-1.77485252358019 -7.69793966281793
1.5255737118423 4.23638430387929
-3.39084088988602 -5.55612277844972
-2.71054478362203 -9.73607652447378
0.00546993315219879 -3.41794736951431
-0.935598518699408 0.585601678906703
-0.0570693016052246 -5.66327386902462
2.29327497631311 -2.29856115240748
2.33984310925007 -2.93380016773386
-2.21803527511656 -9.25501466795471
-3.02924361824989 2.64209464003241
2.42061291821301 -4.21966514447777
-3.17355080321431 5.25641588224615
1.53783373907208 7.79415633908239
-0.863507006317377 -8.43730858838117
3.39341700822115 -9.17373417941514
-3.56963132321835 6.45555538396642
3.87865220941603 -9.75716692330225
2.42305645532906 -3.00229427143335
-1.73985120654106 -6.25979326805463
-1.33339707367122 -9.77804072901253
1.21574315987527 6.94058473132772
-3.31553152017295 5.47229966435747
3.52369611151516 1.40322806144376
-1.15115944482386 -0.407386562412528
0.631091136485338 0.502765091222877
2.02974384091794 0.963315464553186
-1.94707089290023 -5.98871561988734
3.15938835032284 3.76821101378558
-2.72604992426932 -11.4620278833967
3.2959066554904 -9.81388798375771
3.35447871871293 0.831651850295414
1.22444785758853 6.75623781859684
3.9626552015543 -2.5709811398725
1.29862737469375 6.48825483780202
-2.82015558332205 -8.60569014172629
1.77319545671344 3.745524065598
0.352066889405251 9.54821002099847
3.83009190298617 -11.842698978746
-3.5325399748981 6.9783282274512
-2.86653620377183 -10.1214148722489
0.222178548574448 8.91063843123056
1.47627618163824 9.26934423773703
-0.965174105018377 -0.0652250499686786
-1.12663628347218 -1.97699825416974
-0.0384676139801741 7.57270263919039
3.12050145864487 4.48607709301097
3.98482657782733 -3.84402817124829
3.68915448710322 -10.3125562255404
-3.35236468352377 6.62761125460255
-3.72474274970591 10.0966799412841
1.33736401982605 4.74522399395049
-3.60690075159073 8.12323967687139
3.73258604109287 -9.78068889367334
-1.65747243352234 -6.91465047985835
-1.83526135794818 -7.85880207112525
-0.112654857337475 -5.2496817445431
-2.34963632561266 -9.84576018059129
-2.16886215284467 -3.18694041654247
0.154121518135071 -3.85184777525601
-1.07235128991306 -0.494727537763584
3.22635179571807 5.08433189572341
-2.06683671288192 -5.33058588269895
-1.07398183643818 -0.937133704901085
3.8470359928906 -1.85502560912802
-2.78004006482661 0.932421662958205
-2.43835892155766 -0.148457169252831
0.224971765652299 10.297428357273
-0.731066267937422 4.20848948551671
-3.82555964030325 9.26223894856216
-0.596720328554511 5.42974521213517
-3.43963910825551 -7.93003106596062
3.11384172737598 -7.80085028033263
2.89090286754072 7.1034906614105
-1.6353890709579 -8.59388224405968
1.41453359462321 8.42556376892753
-3.18671008199453 -8.08038601656764
-3.88117843307555 -4.4698550534616
2.96797882579267 -6.94549456948924
1.85268666595221 10.7187247372017
3.2968164049089 3.69302796232597
-3.91528781503439 -2.47035024445933
-3.67989265173674 8.59469438162218
-1.38040941394866 -9.86117820178497
-0.90838310495019 -8.75196265081466
0.941737286746502 3.12343700884966
-0.316964656114578 -9.335711855719
-3.38737880811095 -7.85321431638641
-0.131023548543453 8.56451723465622
3.18009018711746 -7.98773995762679
-1.32155444286764 -1.33623134142855
3.10178144462407 6.04169623553084
-2.48180376552045 -10.0742877792747
-2.00093080289662 -5.04673678722666
2.86573383025825 6.41451714592469
2.95088586956263 7.4759088335649
-1.00379814207554 -8.98468270272366
0.623280489817262 1.17989651905508
-0.0892365500330925 9.24188491227989
1.93752355128527 1.68787648273727
-2.19512811303139 -8.83303540796777
1.99112853594124 0.375989989470437
2.59894809685647 -6.20535839600724
-3.20365296863019 -8.73832685203651
-1.79302906244993 -8.0139759175364
-3.82898579165339 6.60601124242781
0.769943734630942 1.83154146903722
3.89027509279549 -10.0288968412989
2.762980023399 6.489762841569
0.731952454894781 2.46571931628034
-1.25317881628871 -1.75822106074816
1.17126854881644 8.37136300831811
-3.70261439867318 -5.90590560142501
-3.06847321987152 4.00441896549856
0.132618585601449 -3.71423631512893
2.97038667462766 4.04231448727672
-3.17943119071424 -8.20358615225095
3.73661962337792 -9.78093075084225
3.59193701483309 -9.59618216235894
3.49382082745433 2.83958526753416
2.06880322284997 0.210863112049576
-3.827965836972 9.54092111819962
-0.58735984005034 5.55827224504365
-2.80758419632912 1.75187794138052
-0.554794661700726 -10.2534411865374
0.311608858406544 0.125701850367169
1.92776022478938 0.877254112090521
2.05639027431607 1.41640655905841
3.30049280822277 -8.72273299208514
-1.6539272274822 -3.31675106742618
0.445855474099517 11.2543758034004
-2.43764314800501 -9.0312779046198
2.21123616024852 -0.817029272441203
0.726967548951507 10.2775183140026
0.345894932746887 -2.21489572866576
-2.61654619127512 0.163767745260712
3.24973284266889 4.18550641160547
3.83598979562521 -9.95203446780736
3.91643516905606 -3.45028308958138
-3.72829478792846 9.04497456710967
-2.82755403593183 -11.1333836364347
1.55640847422183 9.66544111147055
-3.11617421358824 3.93757897913089
-3.81640667282045 9.10311371714874
-3.88634732365608 -4.05134728336269
-1.51568742282689 -10.3104918117774
0.916437504813075 4.36230139704016
3.44912218488753 -10.4980532948877
-2.11029883101583 -7.55542009651404
2.95215656422079 -7.49812151444667
2.92665931209922 5.09846675746616
-3.35377976670861 -6.65770681142576
-3.81300021521747 8.94896778933453
-3.44032973051071 8.41754312973083
0.629917761310935 7.38880526126614
0.185342710465193 9.15780217139603
1.26891474612057 8.03299277733166
-2.63759237527847 -8.98107151398351
-3.41225787065923 7.09052511582777
1.26035394147038 7.49277807219706
-3.87859357520938 9.65345811775716
-2.69941698946059 -10.9112347334149
0.861040083691478 8.68085982778959
-3.57051598094404 8.97826039796515
-3.48401039279997 7.95273184796469
-1.33170844428241 -2.51683845581521
-2.92660681530833 -9.20265966432646
-3.11650884896517 3.29596797610928
-1.64467569813132 -4.26766434524445
2.89121972210705 -5.57236715783085
1.81414330750704 1.22931162882402
-1.04891299083829 -9.20628667454173
-3.35638251900673 -8.16040272540202
-0.12074120901525 9.5452539000032
-2.59778570570052 -9.29104854008294
3.33038144558668 -8.32802190703572
-3.47279558889568 7.56677875197751
3.74722238257527 -0.776678128415479
-1.03681376390159 -10.4959297061476
-0.168913694098592 6.97952308220167
-2.40681254863739 -10.7208449547943
1.04447792470455 7.86824012098057
3.45590984076262 1.73640974322809
3.23799494840205 3.70417424243957
0.471719792112708 -0.103397455981966
-0.55399121530354 -9.86283818593308
3.77538585476577 -0.582747420102093
-2.8133658785373 -9.49888319235385
-1.12222071923316 -10.3349257482976
2.71949863620102 -7.32521254682359
2.18854139558971 9.42572206535255
-3.49059887602925 8.19613330970352
-0.433507112786174 -9.69589555227687
-0.774958224967122 3.08907193428002
-1.67731058783829 -7.59297735196988
-1.24972043186426 -8.15302096502964
3.45797594077885 -8.88289775220661
-1.59539130888879 -5.07451973077501
3.28727017715573 -9.54127042219314
-3.97642312385142 -1.40920502964802
-1.62066918984056 -4.84508708171719
-1.77091714553535 -7.76203158834232
-3.23956463299692 -8.07422899153983
3.17839574441314 6.3580435644097
0.591191969811916 10.219349134195
-1.44335164315999 -1.44929134120157
3.68556727655232 0.304811822156471
-1.85644839331508 -7.63109112345747
2.91333260759711 8.31815692854342
-1.97871214523911 -7.04774883346515
-3.85958315059543 8.44633029660586
-2.47313689813018 -9.26604548435047
-3.86487876810133 7.84477719165826
0.46438298933208 0.281262391966705
0.561386255547404 0.810926610022744
1.78668830916286 10.338593904206
2.83113065361977 8.02749234548823
3.41032091155648 1.62660499426633
-0.503789100795984 -9.11954430134507
-3.53069102205336 -4.6644412600718
-1.7714417502284 -6.38842869548541
1.22967137768865 5.55257544716488
3.56316292099655 -0.448398185739338
-0.487144945189357 -9.41922015838841
3.78056688420475 -11.6998259622767
0.898299878463149 8.84006341410584
0.420775512233377 1.53617550329759
-2.79118165001273 -8.47114793088246
-0.61554797552526 -9.13245235720428
0.14520126581192 -4.00195661965052
0.91527740471065 3.49938125076978
-3.00536580756307 -8.68835037446916
-1.04219727776945 1.0588878844642
1.96222294867039 0.243801643598034
-2.47657415829599 -10.0341133903087
-2.62379285134375 -1.34743286520271
-3.54159618914127 -7.26824926916706
0.202677186578512 -2.78041843811947
-1.37729801796377 -3.38191861943433
-3.86639698408544 -4.04100150461207
1.97686312347651 -0.0796274001366926
1.02522816136479 4.71666057375605
3.77082004211843 -0.701325306061524
2.92807396501303 -8.20477599010536
-0.231799421831965 -6.2029998604602
2.22568238899112 -2.70365901606068
2.10569543205202 11.2379186858139
2.83186930790544 6.72333020494812
2.07398785091937 0.824115523618886
-3.29953053593636 5.95313619108093
1.47008744440973 3.19106961074811
-0.537761660292745 4.50126967795664
0.00321776233613491 -4.03296346879476
-0.222273368388414 9.33973855846498
0.140923161059618 9.50148235407757
2.11438181623816 0.0031237781971748
1.26732533611357 6.17323807016156
-0.53298045694828 -7.76242936879554
-0.665918020531535 2.35442820060303
-0.644331848248839 5.01796601765502
-2.82662687264383 2.75242385304722
3.62671178206801 -1.44266120187336
-2.06655298545957 -5.88008040304566
2.89879426732659 6.36055693765764
2.92155771329999 4.53180668062738
-3.68394989706576 8.43338626901992
-1.38837399706244 -2.33434234346077
-1.19789682514966 -2.15119534975147
-0.756972424685955 1.76277678215668
-2.71551858633757 0.345510670988982
3.55095234513283 -10.4817095961652
3.98814928904176 -7.6131356543291
1.62690609134734 9.21987338187409
-1.51572020165622 -3.87672946595911
-1.94874772243202 -7.17113615905828
2.99619142524898 5.56755557702336
3.29823214933276 -10.1534252884306
0.306779423728585 11.6803131662868
0.78204726986587 2.58374652170822
0.346651362255216 10.9432000517584
0.92968769185245 7.45144570863414
1.51826852187514 6.18149293434222
2.33593222871423 -2.92333685950885
-0.45371300727129 -9.77334986226456
-0.0228018090128899 -5.23303446306765
2.38047892786562 9.25241654838329
-0.153272725641727 8.13274728980662
1.69760138168931 1.91267163529697
0.970219863578677 8.11306826147034
-3.63211973942816 -5.03067885712165
-1.07281007245183 -0.142069589072155
-1.68609636463225 -7.47157805754564
-1.26543866284192 -8.40534757030022
-1.59708584658802 -3.80503964805774
2.61854187399149 9.72006419263498
-1.54886635765433 -9.14457957214375
2.11556395888329 11.1461608374914
2.85301189310849 5.84049029845271
0.199987949803472 -3.55952014716698
3.4519692696631 2.79830639089023
2.74945063516498 9.44163810744548
-2.5734702963382 -0.719574391265771
-3.60567384026945 7.88396236460003
1.64717014692724 9.74211011710164
-3.53417923115194 7.66632810824026
-3.03162247315049 3.81578565174425
-0.44024839065969 -7.82483224883209
-1.69010995514691 -7.05326456985597
-0.63418753631413 4.78195684780998
0.938608488067985 8.02452035834723
2.75083130970597 -7.01899295907946
-0.59938663430512 5.64834701423758
-1.27178940176964 -8.50324485694946
-2.0151222217828 -7.74802535770653
-3.45214374549687 -7.6073257668231
-3.16563497111201 -8.78812196889506
0.698322055861354 8.81622849971153
-0.979128155857325 -10.6302960782887
-2.55438763275743 -10.877273335663
0.167472556233406 -3.39749069531355
2.56446089968085 -5.16990879660624
1.70417314581573 9.05832108748489
-3.42037255503237 7.62385075835387
-2.47548147849739 -0.49687406360307
-3.82506589591503 7.54539793048858
1.77052953280509 3.7206612429714
-0.615341303870082 6.06920798198523
-3.02204385399818 -10.7377769791488
-2.14136518910527 -2.55124123800489
-1.66004430502653 -8.06132006811029
3.78961281850934 -0.664023471573736
1.39024603180587 5.08114335743875
-2.5838592723012 -8.4547802306437
-2.04554529860616 -8.13596740455954
-0.505465660244226 5.31423740437902
-2.25748539343476 -3.1893683161139
0.977201135829091 11.7389699286691
-0.151007603853941 7.29826203849541
2.15413535013795 -0.384592776808708
0.113067109137774 -4.21469892374821
-1.46659721620381 -8.70807622193305
2.5997786168009 10.6870722511728
3.42674819007516 1.24989560516191
-0.738153280690312 -9.40469931541945
-2.76215510629117 -9.61178801227709
-3.64406885951757 -6.09591651736948
2.45438591949642 -1.86750093350494
-1.95228683575988 -5.85712503016608
1.31458542495966 6.91128246459005
-1.88645271211863 -6.49205209489928
-2.89919321425259 -7.7183441235078
-2.59533100575209 -9.49695619305267
-0.184689885005355 -6.83389770660591
1.0098973531276 3.12372427700389
3.40071687661111 -10.7408316056289
3.95056964084506 -1.90851495515449
-1.93753802403808 -6.36159638658699
2.29160826280713 8.9270727528846
-1.96255507320166 -5.92013271328678
-0.492208803072572 -9.68954317408746
2.85680785402656 5.67935333000902
1.54201892949641 9.76663837291188
-1.30883017927408 -11.7765490819924
3.40365692414343 -10.367964375975
-0.507075607776642 5.36777021967487
-0.971526818349957 0.805558028012057
2.45039856433868 9.05561349387397
1.97446861118078 9.76458942074727
0.545375151559711 1.65589750331208
1.70326101221144 4.72740284008294
-1.45339116081595 -7.45408134019827
-0.390414910390973 5.92996552375828
3.45917794294655 3.42993382947133
0.180372606962919 10.8554474594296
-1.35824800282717 -2.22401896212709
1.94211403094232 10.0884914472784
2.33303260616958 -1.56733149497267
-0.0837320555001497 7.25985079249015
1.88628906756639 8.9572331777882
-1.06309469044209 0.0857695823013738
-1.32751502469182 -8.25962743882694
-1.78992476314306 -7.17544962775157
3.95799993909895 -9.86924467544626
0.915678713470697 10.6680624167413
-0.866073982790112 -8.80523939256203
-0.175516247749329 -5.36836494785132
-3.6572914943099 -6.23515034414795
-1.15964908339083 -11.9643762528535
-0.566556341946125 4.84961043854104
0.560673361644149 11.037191225931
1.02487210556865 5.00778037274882
-2.2420689240098 -8.49979351931615
2.76767634786665 -4.62263791833732
-2.31075889244676 -2.56287222157949
2.08821321465075 10.8089615979988
3.32169432938099 3.01427468027089
-1.70282564498484 -9.14238599863314
-2.48749951086938 -2.4323837595521
3.86505791917443 -9.40135115820817
0.9913464281708 9.63142566000045
3.63071404770017 -1.40842339311796
-2.66859460063279 -12.688619098732
-1.61349283717573 -9.77780945112742
-0.729527687653899 -8.80425294141433
-3.60113704018295 10.5346817295786
1.21492533944547 6.35758247941295
-2.21667483076453 -8.11630416030122
-2.74913091771305 -11.3652529743754
1.76795961149037 2.37128097882749
1.79272953420877 2.00615539415677
-1.88963325321674 -5.87444697859753
0.693135621026158 2.01268341566387
2.28887504525483 -3.70927088643128
-0.993830531835556 1.80845455103828
-2.7449597902596 1.31384543215643
0.77561916783452 9.04007634733232
-3.14917384833097 -9.46059533531263
0.239283822476864 -1.4413146343925
1.8559730257839 9.83981518486261
-2.3955814819783 -1.61945305842065
0.324740221723914 -1.99095420720359
-3.35042260959744 6.35582317616975
-1.06116038747132 1.10540740947921
0.338088762015104 -2.72231102487754
-0.429908279329538 -9.22123552250796
-2.73987547680736 -11.7477154458008
-1.2086283583194 -0.382247580977356
-0.112382655963302 8.96579520358763
-3.78234871290624 9.88780622451546
-3.60265178792179 7.31553930834628
-3.3502434361726 -8.67724322520911
-2.58851104043424 -10.1278897048441
2.10913060978055 10.9275290391458
0.857852736487985 10.2480793930127
1.90489565767348 11.3932187949605
2.81650472804904 7.38788385501901
3.97431432083249 -1.40630662723733
0.537689847871661 9.2044848863006
-3.45593351498246 7.08306870788454
-2.71995538845658 -9.74049859172799
-1.21097277104855 -9.37196427817659
-1.28842026554048 -3.46313469135197
-0.123006271198392 -5.1325426818847
2.90354161895812 -8.63390997645581
1.70884821750224 9.72500546851368
1.58407623134553 8.48225359777817
-2.83506017178297 1.87240210257989
2.27496695891023 -1.70771279110873
0.690623130649328 3.01939523731265
2.72436128370464 -6.70236251441815
-2.29042475856841 -9.25910248090092
1.1766965650022 7.01602225614702
0.00795374624431133 8.2797452503303
2.93093489482999 -8.96670163883004
-3.55016439035535 6.2848373922964
-2.67821209132671 -9.08791609119035
-2.53746849671006 -0.506704651383724
0.942208996042609 2.92643518761053
-2.21750898659229 -8.45477224356286
-1.0630143340677 -10.8514942628854
1.2396105658263 7.18721346674281
0.63951657153666 -0.337330257410184
3.01896759867668 -6.49294035477071
3.25984325446188 -10.0651351359779
-2.50491433218122 -9.13976622466255
1.54237395524979 4.44829398637757
-2.54189663566649 -10.226829278641
-1.88427074439824 -8.58922651638725
-0.175726583227515 8.11468990845674
-1.09510781802237 -0.136100289100196
-1.12637325562537 -1.0369054058076
-2.63426998630166 0.392982769784038
0.131152821704745 9.58057056283639
-0.286260679364204 -7.33342195127137
-1.78838888183236 -7.91734571422651
-1.53056419081986 -4.65827396932409
-1.52519086375833 -8.38586611434978
2.285560535267 -2.6993889562992
-1.56372653879225 -8.09284659441615
-1.51117972657084 -3.26713686635099
-0.512066494673491 -8.9166674267887
2.08996398001909 10.4549927492376
0.104218456894159 -6.06085121769888
2.11569770611823 10.3137663578169
1.93077883310616 0.290715227705247
-1.34670899435878 -1.24652724117676
0.640794046223164 2.61962761201373
3.385094223544 1.58338858219284
1.33873878233135 5.47439774317013
0.0859195832163095 -4.98415925612283
-2.62805908732116 -9.90092261077988
-1.94450663775206 -9.57977842151287
-0.209870893508196 6.73906665964409
0.237229514867067 10.3954810645548
0.478760680183768 10.7649139854322
-2.71318442001939 -11.4489395805527
-3.09117511659861 5.35457307323072
1.93979672342539 -0.557799776972034
-2.19763666205108 -8.14529762184617
-2.51721079647541 -9.430315179797
-1.51460258103907 -9.75383538744732
3.21594600751996 -9.36971845442018
0.0831462927162647 9.64342810408335
-3.84775944799185 9.18512987156215
-3.90194851532578 -4.03736073346977
-2.93623857572675 -8.58834977281352
3.27099343761802 2.01474985106829
-1.05958984605968 -8.82892002735271
1.00754601322114 4.58430565474917
-2.0660328194499 -8.0719352962892
1.81210464797914 11.1593501428807
3.28800839744508 2.5978106037422
1.47493308223784 4.29282501531131
-0.192734530195594 -7.00580270329161
0.680942554026842 1.14684627350747
1.10905557312071 9.44843579236916
-3.95502249151468 9.35485463441034
2.08265262283385 0.481552914514771
0.147923594340682 -3.6324559076756
0.486021922901273 10.1829038703729
-0.162517355754972 -7.49445608344047
2.65381152927876 -4.85494103612699
-3.71910447627306 9.51535337607993
1.35942939855158 9.07518219756204
2.27832616120577 -2.36925546713605
2.05982601828873 10.4220067186572
-3.43967706896365 6.28700917709716
-3.45089142210782 6.9814307306435
-1.08723767101765 0.923574040152426
-2.95988255552948 -10.8489196904777
-3.55565613135695 -6.56110663752802
-3.89605241268873 -3.36170560278941
-1.55853516981006 -9.51759327753057
-0.799770589917898 3.3312210022513
2.77514496445656 -6.69073838054864
3.39114592969418 -9.46127570961279
-0.129156036302447 6.92790526514574
-2.68849947676063 0.663405509507204
-1.01843350194395 0.264768446992986
0.989145386964083 8.72916727057547
3.24271889030933 -9.5681511241878
1.36302102729678 8.81901252501285
3.35425421595573 0.486625405724996
0.754108656197786 3.14394350500297
-0.996339986100793 -9.54944587199185
-0.89504081197083 1.87336143729058
-2.16983708553016 -4.41740851746591
-1.85407845675945 -7.54363997662686
1.49702597595751 4.94584484876981
-1.90289601124823 -5.6376009585835
1.4590118303895 3.9256562735489
0.0556998681277037 -3.11677985541228
3.06426694057882 -8.31151704842997
3.22510027885437 -10.4958266820187
-2.91543706692755 -8.70790914731716
-2.29007116146386 -3.5417567079693
-0.0383878629654646 -3.91024506912416
-0.390096738934517 -9.00332980510276
1.42534944042563 5.96164440446764
0.316298581659794 -2.14239961220198
-2.36803819425404 -0.747502233872805
2.28518907725811 11.0787476855121
-3.22482618503273 -8.76341483697019
-0.731760336086154 4.20009829674279
-3.76724022440612 -4.16493780284948
1.9053691085428 10.5851777940754
-0.148259920999408 7.99897588438679
-3.46214884519577 -6.68980158280082
-0.126707300543785 -5.00780386787143
2.10995641723275 -2.47837881396674
-1.38857525028288 -5.0984401312709
0.307096337899566 9.67848045676755
-0.242899103090167 -7.27818955692025
-2.90706383436918 -10.3399534344675
-3.50272537581623 -5.90010461419382
-3.92085118032992 -1.51242878609935
2.27943712100387 -0.358167402253134
-1.14055944606662 -10.4072681855405
0.531515745446086 0.339394977116519
1.9856627304107 10.6871782414209
-1.81644666939974 -6.99383637984141
1.00126166827977 5.03206952182487
-1.29092877916992 -8.24547483911415
-1.13706496171653 -0.950154127110563
2.29350040480494 -1.1893493867788
0.159718794748187 8.7499913655549
-1.16707986406982 -0.0685221905236088
0.495838228613138 9.19822746872605
3.86114900372922 -10.3471197778571
-2.19278314337134 -9.70905811433921
2.76736933365464 -5.53314041818007
0.174028331413865 9.41351188123336
-2.17209943942726 -4.08812012887981
0.357558123767376 12.2747668264734
-2.86841646954417 1.95345158652972
-2.12086625210941 -7.34739051555672
1.92653549462557 2.06136944161149
0.628431756049395 9.9330553141652
-0.00701983645558357 -5.58763544767134
0.975460371002555 5.12079105396144
1.99472513608634 -0.898596280637215
1.60534646175802 8.23191022913642
-2.67868049442768 -8.86720367634694
2.09177836962044 10.158103053382
0.295635018497705 -2.47324282976752
1.27368756569922 5.586815021243
-0.205612925812602 8.06529328279043
0.947558734565973 3.77386488602302
2.68980174139142 8.24144101237138
-0.304107142612338 -6.01199077978167
0.79583453759551 10.292124184317
1.38558172620833 8.77398182732429
-1.07770304568112 -1.02948498429979
-3.18258527852595 3.38696391394258
-0.974010225385427 1.32303973589333
1.94824901036918 0.150189545782696
0.608855322003365 9.86506307953718
-1.62914990447462 -8.73641918508775
-1.87449078634381 -7.74732232493192
3.92235317267478 -9.66526229325277
0.740286516025662 9.88743728910101
-1.79620232060552 -8.30806616866459
-3.35246924310923 -7.74370318741435
-3.98447373695672 -3.46439546156419
-1.29996893554926 -8.92979383939999
3.31985243968666 -8.98071441183108
2.57766222581267 -4.22742682170954
-1.80238115042448 -5.8956267880782
-0.2144306730479 6.35081128646
1.78714399598539 11.0483957764171
3.09765771590173 -10.4752487705208
0.714391827583313 8.66119181385718
0.0534311942756176 8.69450084355924
2.9082310218364 -7.50200384787152
2.70592739991844 -6.56192958508949
-2.53446109592915 -11.2960145176349
1.00760516151786 8.64519799987734
-3.06233825162053 4.84892268433978
-1.70770161412656 -9.11801961900809
2.85244013741612 5.56380518114623
2.44534650631249 -2.62834977954418
-2.64889326132834 -8.89863854939207
2.5714360140264 -3.88983713827806
-3.49958026967943 6.76289090387655
-2.68020311556756 -0.836206674241328
2.25365200825036 10.7745284977508
0.770312326028943 10.3221578352616
-0.208126578480005 -6.66325690496593
3.45712667517364 3.51531067365376
3.90914231911302 -2.62836776337772
0.529972912743688 1.2768030450673
1.0754404310137 8.37887373548378
2.02700191922486 10.5961779123812
-1.1039243619889 0.493140670868247
3.29636415839195 3.67379628223655
-1.87784691900015 -7.63273805545482
0.632629167288542 9.61718464704999
3.63174366764724 -9.59557335539975
-3.64788102172315 8.11178420369174
-3.10242560692132 5.20621186914147
-0.600845478475094 4.58367880902803
1.8509609233588 4.16381494989135
2.36020321585238 9.60692750665226
1.70266379602253 9.45062909227622
-2.75492342561483 -10.340131847664
-1.7328956015408 -7.94849836494417
-1.00363330543041 -9.46948642868228
3.50156963057816 1.66894247781402
-1.37390174157917 -8.79964292585187
-2.18132799118757 -3.52569958917555
-3.92225014790893 -3.17879727712448
-0.0621412750333548 8.76941017120956
2.32186644338071 10.6051417890585
1.20683583244681 7.41361388245984
-2.70836178027093 -10.9470897239233
3.91931048035622 -9.47425675962787
-3.29003138840199 -8.39017606205396
1.84618327394128 9.40137951841431
-2.1093250028789 -4.2266014813769
3.6665837392211 0.942378472034711
-1.62110582925379 -7.53008826709847
-2.13492298685014 -5.02928860233958
0.899307234212756 8.97779252255696
-3.67636696435511 -4.11907407176938
-3.52832180447876 -5.59444114458739
2.50475454516709 -4.23099207823641
-2.9471908248961 3.80549997647062
-3.58629806898534 -5.80788262292015
-1.65891801193357 -9.62251662251589
-3.28188883326948 -6.92204383004177
0.124287705868483 9.67230102391332
1.83459308929741 3.82805659292441
2.82755084708333 -5.77437705979737
-0.177920989692211 8.2479552454026
-1.60943381115794 -8.881953304558
2.41206252388656 -3.46427836464516
0.976766860112548 7.69378044186004
3.39276837185025 -9.89158810191791
2.97205644473433 -6.67783281211202
2.55449309572577 9.40492721132038
-3.97710513696074 -2.16966816642049
1.19113353453577 6.99459408514761
-0.721885725855827 -9.07483331688002
1.67625755630434 4.3705873080555
2.32588587328792 -3.37366842915906
0.460609072819352 0.338498675906575
-0.588241618126631 -6.85295110493945
3.64974569529295 -10.260107925288
2.18591949902475 -1.10846440292544
0.167126271873713 -3.24276636885992
-0.597671084105968 5.84242235568338
2.32166551612318 10.8206604435874
2.43154884688556 -0.900272353109994
-2.61136832274497 -11.9726785950692
0.513900224119425 1.90058961931698
0.125210991129279 10.19636496618
-1.1167118139565 -0.716725389400197
-3.81697170808911 9.01993403453844
0.303122546523809 -2.08691527252073
0.441344697028399 8.94851200526494
-1.37915001623333 -7.66660865831624
-3.45328831858933 -7.10871941266177
3.34748131036758 3.93609541260531
-0.42282909527421 6.19709428258636
3.13846463896334 5.76385447849096
-0.75904137827456 -9.96537623352511
1.46984281204641 5.19193846273965
2.67583619244397 8.00286962636221
-1.17770934477448 -10.5533541990383
-1.9171083252877 -7.85572155456048
-1.69788176193833 -5.58556048816278
-1.97369556874037 -9.05206757073065
-2.47932165116072 -1.65594716395109
-3.80602398514748 -4.02202063430488
-1.8532980363816 -7.73047420774462
1.85997395589948 2.81385054272613
-0.787018684670329 2.23551658417318
2.89480510354042 -7.41736920091761
1.17474628798664 8.25084562565883
-0.7154346331954 2.70869042779632
3.85117032378912 -2.20950543136917
3.44476095400751 -9.50154966209533
2.2071378082037 0.896495623296438
-1.27206038497388 -11.3418053562601
-1.93558030948043 -9.58084779959384
-2.73524772375822 -8.78424361369041
2.96769874170423 -7.8041716062363
0.724976414814591 11.3534079802787
-3.31591841764748 7.03331473695378
2.02986525371671 3.04816095218022
-2.75373589992523 2.95730218470092
-3.45879586599767 -7.04570371725107
-3.03711262345314 -8.11217839421953
-3.59233463928103 7.33424779564066
-0.0708674415946007 -5.19527197207713
0.148097651079297 -3.08243004914286
-3.73354635760188 7.68475459951697
1.47632832825184 4.56865498071728
3.38455706276 5.62588605090596
-3.92378680966794 10.5239246879063
2.14194821752608 1.02727917413031
-3.64810729771852 -5.67100358460545
2.90525037422776 6.40819023016784
0.966970399022102 3.15045330736237
-0.115935804322362 6.43100359154723
2.50341675058007 9.02845354322773
2.83433665707707 9.53574408455397
-1.18699580989778 -0.968313338698246
1.03510226868093 7.2643132899323
3.08009862340987 4.38332850401134
2.76218549534678 -5.40821629500981
-1.8425740711391 -7.95057080458671
-2.03649544902146 -8.8890727436836
-0.52956236153841 5.74382566320833
-1.89804468862712 -7.59040300456873
3.29160589538515 -9.21050556459365
1.5209175683558 4.79102592681583
-0.260005140677094 9.68373712884916
-2.90411043539643 -11.4193847655143
0.0825657807290554 -4.05933652662643
3.78380978479981 -7.98738664427123
-2.52724378369749 -1.89854402182292
0.74349826388061 2.70613861972879
0.213706947863102 8.37352108020604
2.04096517153084 9.02365958321184
-1.92238709144294 -5.58862571078233
0.940456688404083 9.72532873997671
-3.71220327168703 -4.63066132171073
3.67267520725727 -1.69921742920685
-2.67279450036585 0.483113896524731
-1.52888743765652 -4.35431916497377
-0.754489243030548 -9.58215259479627
-0.402909222990274 -9.43408340984755
0.519915809854865 1.83051137301716
0.428572203963995 -1.53559156857787
2.85798271559179 6.07790850063952
-0.586591923609376 3.07100666110385
0.122953025624156 7.55956945681621
0.239426717162132 9.82694925158491
-0.405526012182236 -7.53433028162037
-1.3878966011107 -9.86254021150167
2.92532482556999 -7.63957826062914
2.48067622631788 -3.49262833006065
3.93706890009344 -4.1910958536252
-0.536939639598131 4.09587794439383
-0.272346451878548 7.12800097422627
-0.164339460432529 9.00305883778979
3.04479062184691 -9.760302288102
0.122584361582994 10.4382912527695
1.49264994636178 7.28791663684649
-2.58480992168188 -10.7217558868127
-0.2424699626863 -6.24253133030542
1.49033288098872 1.6387951608628
-3.78101516701281 8.19961646163092
-1.17800400219858 -9.36139277546574
-2.66692886129022 -12.9073548445919
0.692741164937615 9.91276870362503
-1.68919044546783 -6.87523468271769
0.300328584387898 9.56810538264203
-2.93236098252237 -10.1988280995005
1.14237090013921 6.42816815300572
-3.01783892884851 -9.44953956425777
1.28483136557043 7.50972214316242
-1.28135517239571 -10.7357294736273
0.937561046332121 4.31123536399064
2.63538776151836 -6.40484099742946
2.39355530031025 -3.22165288610067
-2.57008628547192 -12.0761067381187
-1.87805878371 -6.73475561024785
0.376284411177039 0.411172966707192
-1.31630507856607 -1.63668313536688
-0.643437346443534 -8.2654300773552
1.28520616702735 6.52920893186849
2.28912127017975 -3.37514321825511
-2.60196108743548 -10.0711647863549
0.122642423957586 -3.5566500122456
3.03624427691102 -8.52439947084895
-0.534179788082838 6.2285816403954
-0.663359271362424 5.80725750731744
-1.76362843811512 -8.31849685283479
-0.253305396065116 -6.07559307604985
2.51021100580692 9.86977201665164
-2.49733551591635 -9.81948638512532
2.98174297250807 -8.8902674895415
2.82489747740328 7.57762580388327
0.0620475076138973 -5.18412471875446
1.21718662232161 7.39193491515414
3.99572510831058 -9.01009830528879
1.12475754134357 8.90223834447279
-0.00955290719866753 -4.3722027764789
-1.4806758556515 -3.43780218111829
3.98616962879896 -3.21689723100756
-2.14300477690995 -7.1730820510299
-0.426008587703109 -8.60196021171978
-1.88049550913274 -5.95283922977492
-3.53499716706574 -5.85556640325101
3.64685977622867 0.784364842674541
-3.38310127519071 5.81638814593877
-0.271323498338461 -6.71272700373437
-2.46600957401097 -9.49485430705197
3.84942337498069 -2.7125332574029
3.44280554167926 1.78896919438235
0.154573183506727 10.5491100608188
3.64596965909004 -9.15371023743401
1.65164398401976 3.04835836144634
1.23632508516312 6.53937389866966
-2.22803372517228 -4.30640254660585
0.969178026542068 5.03925812457668
3.02080300822854 5.09368569443741
-1.63480601832271 -5.13550325642429
-1.14539551734924 0.364685470451796
-2.00555277243257 -7.50121045359146
1.55989913828671 9.85077967381872
-2.10873184911907 -3.74155639217957
-3.2147373482585 5.33629770430756
-2.46400038152933 -4.15634592498427
1.90757515095174 11.5123385794658
-1.64299794659019 -9.02965041568501
1.34575958549976 8.2029277204724
-1.86604633554816 -8.6977055619822
-3.90929943136871 9.09803509339536
1.6114945653826 4.80558345877146
-2.33209943212569 -10.8214559499537
2.23674236610532 -1.62526661709894
-2.78114756010473 -11.5944144664544
3.5644209664315 -0.593782522759
2.53661515191197 8.96631773484251
-3.94263834692538 -2.39810508805548
1.70692946203053 3.56932338631703
1.5179374422878 7.70086859917361
-2.32525388151407 -2.87665099694573
-0.999481583014131 -9.30832780091571
-0.672014858573675 3.52147065093503
-0.840246418491006 -8.1455409725292
2.26009691506624 7.45077421613816
-3.59739464148879 -7.05890865504685
-3.56522972881794 -5.54485783780651
-0.104912696406245 -4.86874044912203
0.0954656898975372 -4.6351351157465
-2.24902085959911 -7.43128958082231
0.887520015239716 3.08618952604015
1.11191703937948 8.47293178803813
1.32373723946512 6.52572566825648
-2.93683839589357 -9.94683138487018
-2.85931139811873 2.24489397821318
3.99772412702441 -1.90852044729673
-1.96567356958985 -6.71979962334495
-2.26337411627173 -4.85118200907256
1.36837050877512 8.35645747649202
-0.888849539682269 2.23060599318139
0.567731687799096 10.4297272674944
-3.1233620904386 5.14127859912394
2.36501047387719 10.0316342600352
-1.0197994671762 -8.80754983387634
2.67808682844043 7.53257557372851
3.8687122259289 -8.43117480197284
0.458372982218862 -1.07416926266667
-1.2046556212008 -10.0731581243457
3.70786510407925 -10.977547901877
1.83309291489422 9.65776123714464
0.488047115504742 -0.14733598268132
-2.61067784391344 -8.48695834251988
1.1345665473491 4.7115315985493
3.50416101329029 -9.32780469353883
1.33468224108219 6.8620768764051
1.44186733663082 7.38163407385409
-2.98269080929458 -9.58468234847041
-2.1055977717042 -5.29013384361585
0.44675300642848 -0.683833127660279
0.728997174650431 2.15513527850467
-1.00567281059921 -8.43159691736866
-1.20457153767347 -1.35255509835121
0.632620334625244 2.27657886290406
1.55617362819612 5.63973341896512
-0.0508364345878363 7.67088107042152
-2.32685177586973 -3.74012050226075
-1.26592173986137 -10.1773396195286
1.42716141417623 7.72328378153979
-3.0339862704277 -8.12212196114754
3.5464767627418 0.16835244167417
-2.67046611011028 1.93201818210499
3.17330061458051 4.34284339093425
-3.86481431126595 8.74837398861139
0.958512546494603 8.20910638052302
0.87594486400485 3.85962117250904
1.04550566151738 9.09344309135041
-0.49667252227664 -8.62094569729858
1.30644870363176 5.89811270251078
1.91452521644533 10.0832173899738
2.52406751923263 -5.39572928916522
0.876950595527887 2.93920432079561
1.20179754123092 8.15795622941049
-1.97039499133825 -7.44976718320296
1.82218037173152 8.71245875597241
-1.76022688671947 -8.13151493003674
1.90561452507973 1.60896463258596
-3.22620047070086 6.57282307012356
0.720773972570896 8.62932092792969
-2.24207756109536 -9.8979047059475
2.11500664800406 9.65784312389229
3.94219272583723 -1.35705041256451
0.184493632987142 -1.65415737330903
1.99423565156758 8.91230697788383
2.75248252041638 -6.42914145262509
-3.13606570661068 3.44847741099047
-1.32612747885287 -4.05169901117555
-3.89226881228387 -4.67819712998533
0.614579036831856 9.25526314063379
-1.83667891286314 -6.97911523847955
0.103592272847891 7.70355522466468
1.49384187906981 5.8472201714024
-2.86898632906377 3.4840281720591
0.897154919803143 10.5400669563337
3.07761755026877 -7.93934631799421
-1.86410927399993 -6.69542075341967
-3.01976180821657 -7.98926653265956
-2.020886329934 -8.52381443858993
3.23260457627475 3.40629524273438
0.883399529382586 3.86858135586568
-2.85875941067934 -7.3923756595713
1.65463436208665 4.47259626273356
-2.69576512090862 2.41736281725927
3.98563308082521 -8.9468674525734
2.44280213490129 11.3498791963374
-0.631576918065548 3.13720380530861
-0.260601786896586 -5.76049246190999
-0.880596924573183 -8.75644240623711
-3.73996089026332 8.52475284131338
1.28286455757916 6.61873000213534
3.46907733939588 2.07215674806588
-1.9354763738811 -7.2956265386296
-3.94869069755077 -2.84636546817489
2.57695050351322 10.0601614850374
-2.04557178355753 -5.38426396583229
-3.21312945149839 3.3449970554221
-3.48629713431001 -6.32015553538547
0.445023918524384 -0.872214529313933
-1.71977182291448 -5.26819006415912
-3.78895435482264 -5.12509345873033
0.282658657059073 9.24475872226298
1.71643636375666 3.54048997038455
-1.04509554430842 0.666623164465448
-0.708980707451701 -11.097294982374
-1.74924966320395 -7.76120751760181
3.50336008146405 -11.9447444562062
-0.520432563498616 5.77063856933587
-2.85849312134087 -10.4310128910196
0.848790464922786 10.7783877804563
-3.09249554201961 -7.81868182424092
-2.4314769115299 -10.5617781250865
3.26503802649677 4.09887556158923
-3.84800053946674 8.70680861767273
0.383279578760266 10.3945387020486
-2.58189564011991 0.0449576278448954
-3.6844520997256 -7.01204386264541
-3.77254558168352 -4.01277593006722
2.07320155017078 -0.742976172463931
1.89916994050145 9.29637367633016
-2.37099998630583 -4.96445335565869
3.75415266491473 -2.77559454881478
1.2508854418993 5.25161290551563
-2.99192859604955 3.25182850819887
2.82293703965843 -8.52010281162653
-2.49631271697581 -1.05860369748477
-0.0871304478496313 7.83253828248039
-2.47486614994705 -8.81910552751484
1.80632123351097 3.85636672862569
2.27812657319009 9.1149072479992
3.56882762163877 1.61973426839458
0.100021410733461 -3.41718677312645
-1.75437812879682 -8.0650226733107
1.50048545747995 6.64573179221932
-2.49220895022154 -1.97448801041538
2.23828613571823 6.93577228155777
1.84820187091827 11.5271224651935
0.782950483262539 2.82561263447186
0.57710007019341 2.03130302246431
1.38290117681026 7.55188031735741
0.691675711423159 10.2027651712599
-3.01997629739344 2.79554749094142
1.3306375388056 8.22160512748767
-0.197074243798852 8.30314300654664
0.674352010712028 10.2009550945157
-1.84869506582618 -8.44912867684885
1.61668236739933 5.92361463036941
-3.23219605349004 -7.91593564976697
-3.12054212577641 4.11175810500626
-3.03036024980247 2.6042576430841
1.34722400456667 4.24491148036734
2.60621955990791 -5.3447180024158
3.80592597648501 -10.6643419506527
-3.22634577378631 5.55964743800797
-0.0268237739801407 -3.90634678595798
-1.25611391849816 -9.47486215071627
-1.29516712576151 -11.6814379008361
2.69671379961073 8.19001289916834
1.62538694776595 3.92719344481376
1.03216176480055 8.2331246447856
3.20660288259387 6.05792057909934
1.94329124130309 1.24552762634778
-0.135939620435238 7.89530017003628
1.03856818564236 8.11608979078582
1.61942069418728 9.21157261735614
-0.473391972482204 -9.98627321167126
-1.40480456128716 -9.57881130508034
-3.88869225233793 8.80878120548587
-1.95242271199822 -9.27916634384781
-1.82947403565049 -6.78619254721302
-1.45693134702742 -9.85557957222282
-3.32756715454161 -6.53491296898205
3.26852325163782 2.18799026141376
-1.1785280816257 -0.944636415261064
3.51070182397962 1.8561395535848
3.84013873152435 -1.40071976832543
-2.96893329173326 -8.52199045568457
0.439750861376524 -2.96746076429022
0.5904107298702 0.936100132599606
-2.11179685406387 -6.38786913142693
1.3679981585592 6.67632417068955
2.50332645326853 -3.3660978751173
-3.37420220114291 -6.87126691422683
1.50734915211797 8.07663622643297
0.79412598349154 4.30191545837938
-0.256164642050862 -7.40280574010968
-1.30605497397482 -2.5214964760185
-0.720268307253718 2.53181897195905
-3.71287288889289 -4.81406831086518
-0.462690055370331 6.5855390964398
2.12281192094088 11.6405977949447
-0.227746123448014 -6.81796468117528
-1.60541449859738 -5.19795407546954
1.8577315825969 2.67358533680641
-3.46640996448696 -8.34110986040573
0.406317243352532 -0.372986727078579
3.86643721908331 -10.3998834896579
-1.87835050188005 -7.66406722769256
2.31153148412704 -2.12486234275386
2.38371326029301 -2.58681514683856
3.03308783099055 -8.70026802225811
-2.06030156090856 -9.38941939122155
0.476230572909117 -1.02923896867226
3.23818842321634 -10.464054026946
-3.93441144563258 -1.62091209134391
-2.69200619868934 -9.6064250730129
-1.92137339897454 -6.09169739814365
2.18212344311178 8.89096750651718
-3.43130431324244 -6.18081435941358
3.16613873280585 3.46900198414268
-1.48033544234931 -9.21349034069852
3.11344678513706 6.45590192901565
0.87008817307651 2.98428249584421
-0.357216507196426 6.22114128048533
1.61259510181844 8.94316994168438
2.04475341551006 0.652721294300745
0.222460079938173 10.812955284148
-3.86981659010053 9.11702957660434
-3.3862050306052 -7.98356530179378
1.37251206487417 5.24154557523959
1.75028607435524 3.48615595677511
-0.348100159317255 6.18655829738298
-2.212366938591 -8.48138377127171
1.80550760775805 9.70914389957838
-3.85948655381799 -3.75127899529836
0.346425658091903 -1.86896361671137
-3.34936372190714 6.39922025109646
3.21843875385821 5.70696625168397
2.28423688560724 9.31127605366722
-0.542006459087133 -9.25180554854656
0.912419945001602 5.63561444124641
2.14756996929646 10.1941989886405
-2.27923860028386 -7.42218780399489
-0.337531177327037 -8.72496275056146
-3.99925006367266 -1.79534425518974
1.95209235325456 1.92002156479728
1.80769823305309 3.52760536004323
-3.12710657343268 3.51706210923128
1.71874210983515 2.7827979596614
1.82345343567431 9.39788052355278
-0.584202747792006 5.76384248515589
-1.21264234744012 -9.43482666668917
-2.19750992022455 -3.8800183963815
1.2280823867768 8.66206855204752
-3.38242280110717 -5.33136178918677
-2.47439759038389 -8.88594192950659
-1.73912856541574 -5.66909933107715
1.64773639664054 10.020003531392
-1.16401001811028 -9.18787190399301
3.98889651335776 -3.91679681918953
-2.60037325695157 -9.8932340785082
3.5062659047544 1.07399734575652
-2.83969502523541 0.32432021373657
2.69240326620638 8.80770342994027
2.85625659115613 5.58201918707363
-1.85637399181724 -6.48678937681608
-1.60627462528646 -4.00006177125043
1.01885325089097 10.24831257852
1.07737333327532 9.25607377713325
-0.503239160403609 6.39036209039888
0.818403886631131 9.07525600684857
-3.8114794883877 -4.44926725060298
1.35758793726563 5.67764083113873
-0.759199619293213 -9.30249427288837
-1.50808834843338 -9.47318212676438
-0.993623424321413 1.02769567239511
1.73409786634147 3.34370925331471
-0.285676006227732 -7.97516329668003
0.456747945398092 0.388221250532548
-1.62111542746425 -11.4097260131195
3.08545396104455 5.00633427210485
1.94195394031703 1.68675302499505
0.454884530976415 9.92527361034288
3.77985026873648 -0.947554338772529
-2.07833933457732 -6.6936555776304
3.00871429033577 7.39756146839874
3.58482499048114 -9.58404200281484
1.96345997229218 1.08004039391542
-0.865701923146844 -10.7633174397544
0.175666272640228 -1.28215552009211
0.587732883170247 12.0528742182938
0.24147192761302 10.73161341309
3.57850115187466 -0.579676646803638
3.01176434196532 -8.67033139351857
0.984926400706172 9.93685935676776
3.20013661496341 -8.10087374162619
2.03751140274107 1.42948515597931
-1.7844552565366 -6.78221666225472
-3.93823658116162 9.94145339120396
2.63115127198398 -3.53072083588064
-3.12285111285746 -8.69730084114365
-3.05293741449714 -8.98018710306886
-2.74533438123763 1.82864781465448
-3.06798759289086 5.20354147941384
0.845502683892846 2.0795763080279
3.55785126239061 -1.15425233418433
1.89065134711564 10.7987520730604
0.117866294458508 9.54150193970039
-3.3489368353039 8.89337535765663
0.107796344906092 8.34985521356963
2.32141379825771 9.66005968785568
2.68972554244101 -6.27514045313143
3.99780077673495 -9.17275627449658
-0.623614875599742 4.95164411793537
2.77939875237644 -4.81577013151506
-2.41127110086381 -8.07249206863191
-2.52807700447738 -0.511327065720381
0.440167913213372 10.6047010720401
-3.07579995132983 3.88310218896508
-3.64992444962263 -6.43859564803046
-1.90380785800517 -7.80835678138458
-1.45362348295748 -9.28210009771435
3.55698404833674 0.484071262162068
-0.498201459646225 -9.15832322679115
-0.368852458894253 7.21945222124434
-3.40342517383397 6.06974627218202
-1.01185350678861 -11.5276584243407
0.586344445124269 1.68536220646073
2.86625904776156 -7.93154974701131
-2.1451150868088 -6.38616173443292
3.65813744626939 -0.869263256515088
2.93901631049812 -6.68898725455303
-2.21286196634173 -9.89711211280689
-0.885287348181009 -9.05353018969971
0.923767557367682 3.78450206178718
-2.89890892617404 -8.49571422224108
-1.82882138900459 -6.79115137065784
0.756268553435802 10.5219859901925
-2.71363678760827 0.0729784256958967
-0.169766178354621 7.74818011976347
2.79523675702512 7.73962566358241
0.128641230985522 -3.37181547291385
-1.01835819520056 -0.495958028136086
0.682348798960447 9.67298265636649
1.81044933013618 11.3776379543605
-1.2257378436625 -8.04826065584843
-2.71119241602719 -7.65787131870401
-1.02409063838422 -1.03652102125372
0.804040219634771 8.6233902125183
1.93207013420761 0.559407746416903
-3.86587704531848 -1.94955424820913
3.58482814952731 -8.73371588847267
-2.95478339493275 -10.4470152277829
-3.78342953696847 8.93868892491381
2.75388824380934 7.33816455181265
-0.431704264134169 3.97064540071532
-1.98751538991928 -7.44352453893348
2.69102814234793 -5.88990119671846
-0.198058666661382 5.9440158940399
-3.04674481786788 -9.42833843465464
-3.03177797608078 -9.29346261137172
3.02685705572367 -7.33274256532023
-3.59024028107524 -5.8824841486544
-1.18192400969565 -8.68279577391057
-0.683491913601756 -9.14606114817309
2.08360316604376 1.22382701182885
1.56239261850715 8.79368365209383
3.43782133609056 -9.49479712760054
-2.68557322397828 0.542377587623605
2.52448761276901 -3.93879679019421
0.433199573308229 8.47593694347627
3.10149019397795 6.01677832159047
3.5100504476577 -8.72596872700772
-3.89097467251122 8.26347509369753
-0.673535767942667 -10.8725459384741
-3.18844265677035 5.82269754177061
-0.282033368945122 -7.11115644262804
1.75629603862762 2.58688573953854
-0.303831588476896 8.19069239629932
-2.55035650543869 -11.4710225905442
0.62310129404068 1.1455375940467
-1.67586265318096 -5.30153348552942
1.86166488751769 2.96060122014896
3.33483836241066 -8.63024141319694
-1.92886121198535 -7.45375400073947
0.370956238359213 8.26174164234524
2.11980357393622 -0.159740618358713
0.144584255293012 -2.29619751719867
-2.25049662031233 -11.0925681721295
-0.775987982749939 -9.93936181197964
0.480333480983973 10.1064582614475
-3.55973507277668 -7.18936847260221
2.12818331085145 -0.300335062688275
-3.75988041050732 -3.41599708287935
-2.95080989226699 -8.94206847742072
-0.689555024728179 -9.24556434985369
0.895410614088178 11.5889471560141
1.10885886102915 8.01644593173464
1.14990128204226 6.09344545006171
-3.25124970078468 5.42330470647004
-0.63267720490694 -7.7812904025509
-3.7174370624125 10.2398642641029
-1.46775470674038 -8.17998657472363
3.19148367270827 -9.13608436099654
-2.08608127385378 -6.27524388359533
1.55137605965137 5.3801540624779
3.13979027047753 4.76565941680951
1.48104579374194 5.14058069407982
-3.12718167155981 -7.99089961717014
2.56363166868687 -4.66888017185571
1.60009998083115 5.05941882232019
1.68371970392764 3.03274521626599
-0.386884042993188 -9.22197516727291
-2.83521806076169 -11.103499379929
-3.09059110097587 -6.91063974501957
3.15502837300301 -9.01798499130912
-2.44385949894786 -2.20295071966955
-3.19409931823611 -9.556584702948
-2.60503631085157 -11.9939912016877
-1.47107391618192 -10.4753382579797
1.39344067126513 7.80535362434347
1.04526112042367 6.41029912592867
-0.869401942938566 -10.2773482608433
0.885153705254197 4.86732484966137
3.08755688741803 6.66243907803714
1.77745505236089 8.30876820718935
-0.0519087780267 8.80065449763535
2.47716704756021 9.07763387704301
-1.55220097303391 -3.65422528515443
-2.32748586684465 -10.6979769439049
-1.64131165854633 -4.27593860600958
-3.20821699500084 -10.1062167664369
-2.48305117897689 -3.07961315103862
-3.02834224328399 4.1349146910144
-0.197079792618752 6.10764790710675
1.73743636719882 10.6630567527315
-2.39663076400757 -0.995795189277266
-1.42583798803389 -9.16086121680786
-0.171095313504338 10.2308747063419
1.28131604008377 8.42548230546374
1.2714521009475 8.0552160938587
3.0527342967689 5.72152527453118
-3.70736248977482 -3.16610113834679
-1.99298772588372 -7.09493395841805
-1.35982235893607 -1.76788721409523
2.57950987480581 -5.44488042533701
0.976929821074009 4.59095642754589
-1.92401262931526 -6.96979688522285
-0.0929542295634747 -6.17913629494429
1.85057003982365 2.00421088360609
-3.09582241997123 4.24423276717631
0.108729332685471 9.4268867240862
1.25262415595353 6.05262044827665
-2.41967677883804 -4.04493646053334
-0.104644918814301 -5.84467242727629
2.62717742100358 9.40366269006435
2.87385415099561 -6.83649485731663
2.12030815519392 8.40888370689927
1.18262508325279 5.72565008134528
-2.45974986068904 -11.9068139784319
-2.45591553300619 -9.45000494139228
0.120298212394118 8.91520624740643
2.04275318980217 0.234908155195612
3.95337691344321 -2.59619148739756
-1.185437168926 -10.7479596851971
-2.19146569445729 -3.53964629433251
1.71454008854926 10.5904920132014
-0.529616072773933 7.00090225989952
3.37728158570826 3.78898635031486
3.35740510933101 -9.56838090764838
-0.978937605395913 -1.16199643064093
-2.93836447782815 4.32791535871407
2.06922556273639 1.75336566159076
3.9308271445334 -8.75242256357681
-3.6551730427891 9.25217511045406
-1.98168336227536 -5.42508014259964
-3.96958898939192 9.78023379883664
-1.59173705242574 -9.62852620469049
-3.70692082867026 -4.74191640833545
-0.123015310615301 -5.5321690759434
0.382372315973043 8.57628945595606
2.86992155946791 8.03836939578456
-3.96047428250313 9.66804888537626
3.99514359049499 -3.83339942079437
-3.96598640270531 11.2093327829754
1.48451058007777 3.20820976490786
3.89458847977221 -9.13966512998263
1.85795803368092 2.19962391557288
1.01745811849833 6.44994657881456
-3.32164780981839 -6.8681623757474
0.85054543800652 3.16088430460486
0.449284084141254 10.5622506556523
-0.192758288234472 7.27434379002387
-3.92685746960342 9.92629912815008
3.2078118044883 -7.97104846466375
-0.815215857699513 -8.6281021851912
-0.754269292578101 -10.2328638722432
3.42440473847091 -9.34863067696095
2.20115618407726 -1.42214603091132
-0.628038970753551 -9.6302150683514
0.330316890031099 11.8349512405599
-0.183866810053587 7.90569191883391
-1.76311544887722 -6.72720782471426
0.124580800533295 -2.94241648509937
-2.4980142544955 -8.2106989897867
-0.39388214237988 -8.79627690483165
-3.69539723172784 -4.94526674605098
0.318780178204179 9.55024548827425
-0.237990409135818 -7.75178846931526
-3.47708404064178 -7.02118593373752
-3.54608439840376 -5.90820497573597
-1.47756848484278 -3.91501723253919
-1.46626983396709 -7.43064896738095
-1.06935504451394 -8.43717618362567
-3.05123781785369 -9.02857197486589
1.72467431053519 10.7853648083865
0.316937193274498 -0.558952044042855
0.657137088477612 0.917505102274436
3.21833476051688 5.6762204794997
-2.20761449821293 -8.95137920426151
2.67269725166261 -4.82920889672979
2.41650566644967 10.3004775578303
-2.45814813300967 -2.83678884132028
3.12008620984852 6.8459870811129
-3.86606970615685 8.8126214046259
-3.19699995964766 -7.74616412230178
-0.65100185200572 -8.62015648551179
0.583981039002538 0.941965384560736
-2.92624207213521 4.49129402616033
-2.18463325873017 -5.14708187687197
-1.66776954941452 -8.80816577571233
-1.82764416746795 -7.0067747705227
1.00083312392235 10.7259863598741
1.30165965855122 8.09680710797112
-0.271080188453197 7.6574474640114
2.40051184408367 10.5780935870167
3.90655962191522 -8.97738380494447
1.18468433059752 7.4270190591077
0.07287329249084 -5.41161976852328
-1.62897001206875 -4.08409857095089
2.85774523578584 6.56430359225619
2.96560961566865 -7.07410115992901
-2.76763968169689 -11.6459688827675
2.79150468669832 6.46940182385697
-0.699730757623911 3.51272063496467
-2.710096007213 -11.4237175723134
2.28569827787578 -2.50176109415067
0.98338944837451 5.25375458495445
2.00618057884276 9.18441494006403
-3.01525870524347 -9.27972814022886
-3.28342767991126 6.5430364931354
3.43020578846335 0.945631540014908
-1.84802454337478 -7.24995947680901
0.851542305201292 3.43802247690724
-0.0235332529991865 -5.23886248632445
2.85635707899928 -6.19713053421306
-0.531878067180514 4.58871744329662
1.20836155861616 6.26909591488426
-1.65465485863388 -4.87753666663616
-0.34487515501678 -7.61163579629175
-3.08147551678121 -7.881493959181
2.1881578695029 11.0449109588201
3.45207681879401 1.26472642340854
-2.92044318839908 -8.09270793368756
2.24146792665124 10.7185571940033
-3.39220554754138 8.14184579537864
2.92163507826626 6.48928900773828
-1.88823971152306 -6.54842216003988
0.114710483700037 8.8917776546933
0.831702703610063 10.1066851767933
2.89100688695908 -8.74763883458892
-1.28358977660537 -10.0344860628731
1.32338866591454 7.09079875978054
-1.43261427991092 -9.34530787755205
-0.347936268895864 -6.92315565396716
2.57148814946413 8.62718549384422
-2.03897226601839 -5.97522115361237
-1.53787209093571 -4.416577548251
-3.14288495108485 4.34637245599354
2.68068099208176 9.74524698752905
0.954299699515104 3.32852756137986
-2.24175878800452 -8.84066306611615
2.70051591470838 8.07148100889752
-0.809689521789551 -11.6816055400124
-0.780431998893619 -10.1262724144979
-2.36549454927444 -1.57005448811542
-2.54084447026253 -10.3184590413491
-1.32014956325293 -9.55820784753397
2.39339177682996 -0.634944838355256
-3.01856552809477 -8.20817360330136
-2.85816502571106 3.17255470512175
1.3804621361196 7.36041374627406
-0.634042609483004 -8.10429771524153
3.05167593434453 -6.55225504558591
-0.226534746587276 6.82512177318633
0.892392406240106 5.15668546170977
2.54179268702865 -1.91860196746205
3.65261076577008 -12.101137084074
-3.68151042982936 8.68591419574595
-3.59606249071658 8.29771280258142
1.74377544783056 3.70102709923924
-2.19071811065078 -8.42644907761801
-2.68378193303943 -10.7455649120889
1.60067833214998 3.79441598717251
-1.06324223615229 -10.5238934775493
1.89405603520572 0.0389534801041334
0.0439868085086346 -4.45922455377681
1.02531855925918 8.76244947313012
-0.0244722831994295 -7.24188788741615
3.67653717845678 1.66814908654879
-0.446691984310746 -8.93134181135621
3.62456874735653 -8.22853035455803
-2.69371189363301 -9.62904966103341
-3.42207458242774 7.53593511876087
1.11215732246637 5.60949622826477
-1.29446900635958 -9.1495190141938
0.994601149111986 8.0519669808601
-3.39374901726842 -6.83229690932177
-1.49971827305853 -9.24345570155646
-2.7894127368927 2.86015799447887
1.75022967532277 9.15924895645014
0.784255819395185 2.4163714491418
3.45299058780074 -10.9067992002277
1.0988702122122 5.80133072262459
1.0456806588918 9.77220042858534
-2.25949979573488 -11.8852705562792
2.33540891483426 -2.69438989950022
0.948173312470317 10.323412890952
1.39349958114326 5.47840275509848
-2.13314268551767 -4.55351440108782
2.36497423052788 10.5827957461734
0.787837337702513 9.95407857023156
1.43247267603874 7.64266586167882
0.360338414087892 7.61580428206154
-0.820678271353245 2.06409089386067
-0.894397059455514 -11.1177680155324
1.07816939987242 4.6225666602765
-2.65196527726948 -1.38949326111674
2.1512417010963 -0.0456396395292926
-1.43320519477129 -9.38825739881444
-2.3718781657517 -11.0879451285858
1.50670781545341 5.88825278811684
0.713345441967249 0.288035837543826
-1.51528897695243 -5.58983822391614
3.07045880705118 -10.5001797831367
-1.02081284299493 -9.71170480733022
-1.92824686132371 -6.35570964741045
-2.86109180748463 -10.4518445357837
-0.0501720514148474 9.54897188167708
-1.34317966364324 -9.58596138860925
-0.423372657969594 7.9681924945673
-0.0793227981775999 8.98368251553538
3.25226436369121 -7.76143648432482
-2.13625964149833 -7.9338640268461
-2.38168187625706 -2.96589863141052
-1.19226776249707 -0.819174578616844
0.406526274979115 -0.0704426876419779
-2.91588079556823 1.66347230872503
-0.82562898285687 -10.3874150608719
2.18496837280691 11.0803051018382
-1.90042353235185 -7.27866913820602
3.89151687175035 -2.72908986730776
3.881382541731 -1.90190981664248
-1.31732459552586 -8.36248519619921
1.04938084445894 4.23744875991184
1.43704536929727 6.74323302916387
2.86409117653966 6.98636485998881
3.54537195153534 2.38181164458773
1.63938845694065 3.77906154202093
-1.19740295037627 -1.16404091394513
2.58334362506866 7.96024120268939
-1.21138358861208 -11.1996282009797
3.83772318437696 -9.12055078426498
1.93018445558846 1.10754463821765
0.196270626038313 -4.19837556351337
-2.63631345704198 -10.348777135579
2.57691709138453 -4.50113762579602
-0.549823518842459 3.99740083994773
3.26329284906387 4.7931565664842
-1.67939848080277 -7.69620046647798
3.28971922211349 -9.61409155747419
-2.66749696992338 -10.4902983626934
3.97882236912847 -3.58741600874047
1.30409154482186 7.37786450027375
0.904331535100937 2.00381746843466
-0.441611113026738 5.31387203162902
0.190591566264629 9.39609373674779
3.87982882931828 -11.3150226121853
0.807655796408653 3.0205246997205
-3.98212462104857 10.8133338225825
2.86153028719127 7.11489822144139
1.92502198554575 1.4133832758666
2.70162395574152 9.13518986448261
-2.35414779372513 -9.92266230646735
0.975993197411299 4.33293256912625
-0.901189580559731 2.47392679842642
1.43925603292882 6.06268351646832
-2.89503340423107 -9.91473796000326
2.68456033989787 7.09699117660482
1.74802494235337 3.15862194063306
-3.52167350798845 -6.06126251307371
3.2988620325923 2.76630524339242
3.23965032398701 -8.25591163791484
1.50095094926655 8.227604681958
-2.58399552479386 -10.9369348284939
-2.55262300372124 -10.3255289632541
0.707159450277686 9.15449944359377
3.57430434413254 0.419546572331676
3.6740989908576 -11.127553038452
-0.520214684307575 4.88063154794547
0.736988233402371 8.9772448040067
0.567428519949317 10.1259957895959
-2.00459923036397 -5.80984665582753
-0.157083481550217 6.55246337792089
-1.27788740955293 -0.684454923058269
-0.683427691459656 -9.41981130859859
-0.168239133432508 -6.1372675107004
0.258159302175045 10.5086953310827
-2.75497955642641 0.383766217818344
-2.78899755328894 -8.66223723101077
-0.0788285471498966 9.18850751988608
3.00470534153283 -5.9942131991303
-0.26069070212543 8.14221509425205
1.9277344532311 3.35612621353917
-0.692185310646892 3.7284210502309
0.251324024051428 -3.60857351687737
1.20736171491444 8.67498478097593
2.62219288945198 -5.54475649443485
-0.224535470828414 -8.03968105817158
-3.11339454911649 -7.16402329140256
-1.44766305945814 -9.5378568446357
2.88854186050594 -8.79449995683964
-1.46373127214611 -2.31930757877793
0.671577708795667 2.98816373057646
-1.6859521754086 -5.8736198827845
1.54076450318098 4.38439600564694
-1.69299166090786 -5.86596594886924
-1.40561160258949 -8.5531896702498
-1.58293426409364 -7.14029709295228
-2.26383179239929 -3.24355730367373
-2.02054976299405 -8.16783383966347
-1.66029452346265 -6.78619140535733
-2.51133090257645 -1.30636138574563
2.7996635902673 6.38652447848366
0.835744543001056 3.67433503311691
2.89851529151201 -7.31779528140876
0.214037703350186 -2.80045070093731
3.52009412273765 -9.12999309041995
3.28050804883242 -10.271376535926
-0.197739731520414 -6.78537441567203
-2.71086587943137 0.860985084370687
-2.20153857953846 -5.13163596179291
2.01766465604305 0.828322656740669
3.43641984649003 -9.89659256820199
-1.92162113450468 -5.67021995673558
-3.51729840040207 -4.49078689539498
1.08782159350812 4.45614961003144
-0.504963247105479 -9.37834494264478
-3.74221114814281 -4.74260025379698
1.81464912183583 9.19383878977443
-2.34175487421453 -2.44249170248109
-3.01952075958252 -10.7035281304153
3.18242477253079 5.1379633957123
-3.52505103126168 -4.93043843641609
2.50045145489275 9.79384696174389
1.50115873105824 7.52440782955881
0.230914795771241 -2.67682908051894
3.57997279055417 1.08630862634555
-0.288215024396777 7.50381097774198
-2.1009125597775 -8.76157696717315
-1.60229817219079 -3.37869521655611
-2.03088111057878 -7.34426389822729
-0.297057138755918 -5.59108558237908
-2.61441783048213 0.0388767023100734
-2.06851663067937 -8.94798810761706
3.44953432120383 -9.36708216095008
-1.80703920684755 -8.66018264006059
-2.08405799418688 -8.42120221971978
3.68694033287466 -11.8151898823588
-2.39062744379044 -10.8037282271778
2.34359313361347 9.22012253076861
-2.31448143161833 -3.90370723434874
3.96547783724964 -7.63116717026512
-1.7736130785197 -6.51705218762628
2.54708931222558 -5.31003670476851
-1.7998874168843 -8.2599686898792
-0.599363951012492 -8.98597515458188
1.8231293708086 2.27102800717599
1.13905554451048 9.07987060020134
0.948562625795603 1.83330154868799
0.748358238488436 10.9018579018801
1.46013427712023 6.02740607896426
3.18389551527798 -9.95343384440245
-1.88574581220746 -6.87048843593082
-1.05041127093136 0.16715828295827
2.12499977834523 -1.05773658816696
3.80955429375172 -0.932393259667768
-3.99063489586115 -2.18987832393453
-2.11137349531054 -7.99919986054436
2.96221714280546 6.23037160369931
-0.493325447663665 -9.49270797127917
0.633597111329436 1.37092054385716
-0.399850094690919 -7.42776183785681
-1.25839041545987 -9.76974650927689
-0.69379129819572 3.32111044822404
1.46235583722591 5.31256307459528
3.69838850200176 -9.9734990085724
-3.11486561782658 -8.89852983206766
-1.93901125341654 -7.15629986072908
-1.89231716841459 -7.11252047743431
1.73067779280245 3.11666938901194
