3.503081892091872263e+00
3.615090771914514889e+00
3.723699650846219900e+00
3.410942813419062691e+00
3.112243875812490401e+00
3.010449477378140948e+00
2.931183586261592033e+00
3.048273416922932633e+00
3.016875411761974046e+00
2.692555983131212471e+00
3.206698860531845163e+00
3.121331527511893800e+00
3.292376697406774078e+00
4.728847953603358079e+00
3.475332630751028606e+00
3.143208174779744457e+00
3.123967456380729146e+00
2.892422598025749636e+00
2.842822473630465030e+00
2.847396585087266008e+00
3.807019225990382338e+00
3.104184803199395937e+00
3.817085086918646120e+00
3.173545115594975208e+00
3.399092053860920171e+00
3.114890573364176074e+00
3.855859225494225662e+00
3.292454650152776274e+00
2.888986541403868014e+00
4.036868379903493675e+00
3.096472678479153195e+00
3.979319457364200563e+00
3.821728635796132867e+00
3.306143145644919290e+00
3.231872265029180902e+00
2.905967530125592724e+00
4.430115736449202757e+00
3.528886951538899197e+00
4.747883491305752379e+00
3.106447362927396760e+00
3.230247625960597002e+00
3.234626630828745242e+00
3.532226433712305713e+00
3.984276720809122985e+00
5.410109094954828279e+00
3.181005538954379652e+00
4.354090298671779991e+00
3.991109825819881163e+00
5.694706835822660906e+00
3.916195478256313756e+00
3.301641328439079537e+00
4.350511347056556843e+00
3.063234719147573504e+00
5.081697674610310855e+00
4.413094364519540846e+00
3.024160754356572944e+00
3.345924810094857982e+00
5.450945488468077471e+00
4.941997206857729807e+00
4.262852730605478868e+00
3.643430535740169507e+00
5.136112282427865772e+00
4.232287754465888341e+00
4.074983602105463731e+00
5.823210095675122489e+00
3.016215612395276580e+00
4.393902265158365239e+00
3.322649746425420769e+00
4.130211124354421059e+00
3.417835649843373957e+00
3.813770583207346743e+00
4.242389027129695123e+00
3.438007117646931121e+00
3.354014218531481184e+00
3.446308853088616342e+00
3.965154983689950452e+00
4.912264588146490141e+00
4.323322574258872564e+00
3.603738622399183633e+00
3.447636169123274641e+00
3.946845545494720664e+00
3.341559877595427608e+00
4.317617589446093085e+00
3.750900737720726852e+00
3.692523718823481627e+00
5.810266371940099539e+00
4.693874323460197395e+00
3.561150905513736920e+00
3.279365574947471718e+00
2.967536605559188967e+00
3.788248248857925660e+00
3.111386744972832297e+00
3.799840494229975274e+00
3.301348500046219492e+00
3.014665708294631319e+00
3.541961860985533672e+00
3.158232079272360604e+00
3.645172024217760764e+00
3.501563732318515587e+00
3.644843283159239444e+00
5.969599395979992451e+00
3.554389342614188152e+00
4.758618529585577406e+00
4.110668930865768012e+00
3.427351761938014718e+00
3.872011657562281606e+00
3.154702444628742164e+00
2.931836332471259965e+00
4.076881132099321903e+00
2.796284630146004702e+00
2.636995797984283740e+00
3.106604841451597654e+00
3.197799939022385018e+00
3.515271519110358955e+00
3.818390696587222966e+00
3.959037710121650289e+00
2.750647612176644774e+00
3.165177310258569854e+00
3.063615799741752355e+00
2.636660822297285378e+00
3.415418636365510796e+00
4.017378517097826673e+00
2.970714891747716191e+00
3.166346436413644660e+00
3.706903460609586975e+00
2.620418139800565260e+00
2.751322078201226873e+00
4.755028740548144839e+00
2.846311236921116983e+00
2.665153915210353830e+00
2.223928523980949201e+00
2.579196357197474754e+00
3.697651674899399943e+00
2.966822329527368574e+00
2.533903454464375482e+00
3.052650221794546148e+00
3.005059640448223934e+00
2.670105937013029340e+00
3.328448147223667331e+00
3.017827248591816947e+00
2.846261051442099621e+00
1.970081649345823305e+00
2.318196331139646738e+00
2.052065311372550216e+00
2.239616580692048053e+00
2.845565969311984134e+00
3.731088016958900244e+00
2.013922143603061432e+00
2.992854502719097365e+00
2.014874909333893793e+00
1.795810545074261189e+00
3.217167462770277542e+00
2.124840310109205710e+00
1.877989173170301118e+00
1.667279809919104849e+00
2.051368350048460520e+00
2.649031763728387112e+00
1.948329636281787014e+00
2.503556307838326056e+00
2.348550908711928287e+00
2.100837616864964730e+00
2.055126023694525461e+00
1.522986132972682150e+00
2.795342436414748555e+00
1.781505311038163786e+00
1.586953207761923501e+00
1.326001189582614925e+00
1.640334089449536625e+00
2.215057499797639995e+00
1.670767901369076380e+00
1.242727006286229674e+00
1.186469401576140115e+00
3.243052842538943992e+00
1.159407910382512341e+00
1.160225150005381733e+00
1.451616588601396973e+00
1.549640723883264570e+00
1.337166964796250967e+00
1.191031319420606582e+00
1.556969775781930521e+00
1.040253921109440149e+00
1.758042760282350958e+00
1.066153576888869248e+00
8.896397670284588166e-01
1.058141029625017770e+00
8.705553011659772356e-01
1.794762306741935154e+00
9.302838107995508032e-01
8.416341726525522482e-01
1.345534347315906487e+00
8.200330866846741174e-01
1.293831716517719332e+00
9.495375510850487810e-01
7.086990285163630165e-01
8.667707532774796553e-01
1.176564081563871600e+00
5.203087854913949206e-01
3.542576441326120706e-01
2.424497637248050452e+00
1.653219529608163096e+00
8.795188735406740399e-01
4.462876329673389764e-01
3.888440636046438525e-01
4.067462450045046252e-01
3.516368525400062062e-01
4.981548050867508071e-01
4.017025772613350698e-01
6.877601677508050626e-01
2.542957573665463045e-01
2.548221354344166301e+00
2.406383820270103779e-01
4.139979934632427305e-01
3.408450352561764873e-01
2.488754090102677230e-01
2.273289327085618039e-01
2.240651312174186671e-01
1.007066490716945761e+00
3.072025470454333718e-01
8.658011157085760967e-01
1.141344214543398961e+00
2.798820396358969731e-01
4.202822790087605842e-01
2.572395465310940432e-01
1.845470891567324134e+00
5.924996639088381256e-01
3.923133344909008891e-01
3.236216395504397658e-01
1.087762741022587409e+00
4.547091021468584460e-01
1.737616100624572502e+00
6.679930835081548945e-01
4.161497015172331837e-01
1.223948519984476402e+00
5.290060824782178983e-01
1.894023462903300814e+00
1.635821350461403423e+00
8.140206831020467826e-01
1.057063146354568106e+00
1.033005194316647612e+00
2.017267358243441056e+00
8.783070409225299802e-01
1.461723551176242974e+00
1.445551395212356871e+00
1.068208584624377178e+00
8.272966011307161249e-01
7.138957089418496160e-01
1.894360618091899040e+00
7.519845217862499709e-01
7.355202362892092616e-01
2.195645086986902861e+00
1.795243756805285473e+00
1.347451732982342554e+00
1.731113113448792706e+00
1.069677828144339538e+00
2.403469711118592755e+00
2.508968091910337872e+00
1.536419950457445394e+00
9.924764845142719505e-01
2.228924244545093192e+00
1.115894149235014288e+00
1.180320700229568143e+00
1.555972730721634001e+00
1.313778633091992276e+00
2.066580253397689138e+00
2.826591529709267636e+00
2.946801445995656188e+00
1.653119278082055610e+00
2.032652913047523935e+00
2.740595519609062336e+00
3.229662783948693328e+00
2.303517342059274053e+00
2.912131166687646378e+00
2.496803777879649466e+00
2.893729521950211492e+00
4.202401830079323553e+00
1.754391454012874441e+00
2.290617185807193312e+00
2.771787142673999504e+00
2.370074065502669747e+00
1.933022676731567469e+00
2.977924926587707688e+00
2.185901721426665834e+00
2.895832728469201367e+00
3.251617398136096959e+00
3.621078358534582708e+00
2.141022114668407195e+00
1.919142388768932950e+00
2.449312047128453074e+00
3.547200366478643563e+00
3.874015531445885063e+00
4.155950986755351906e+00
2.093698432393944486e+00
3.470809752802602954e+00
2.541083384719340366e+00
2.217551180105672426e+00
2.250220378831303325e+00
2.154674716252340527e+00
3.493146229727764673e+00
2.660330664908685971e+00
2.787391723908215546e+00
3.011081859940701211e+00
3.271345021640002404e+00
3.721730971938562949e+00
2.603427162247187621e+00
3.404836450923902191e+00
2.724161398912753995e+00
2.737611058644486395e+00
4.188308457264576568e+00
5.193144187829849656e+00
2.745462566173035412e+00
2.488441203516165601e+00
2.375060506686221373e+00
3.694495414457716009e+00
4.082033235512477098e+00
3.317275945796752445e+00
3.109987242666674589e+00
3.440253949714389137e+00
3.667523932726675540e+00
4.983536049291638292e+00
4.014356577166881657e+00
4.502064878202704179e+00
2.600245595978729174e+00
3.432075742890714043e+00
3.754549266548390829e+00
2.546675986557289662e+00
3.346522833799897345e+00
3.783714489860031449e+00
3.010102198219695602e+00
4.934400985364010950e+00
3.132209411567074220e+00
3.777118899637795124e+00
3.164911778982383961e+00
4.414303013845838564e+00
2.987695258879508042e+00
4.136957893967620592e+00
4.381872747855168448e+00
2.803385811345104450e+00
2.992845628081929554e+00
4.556567884204737240e+00
3.185522996645080873e+00
3.783679336712106878e+00
3.487851094346974712e+00
3.907552740075447506e+00
4.255764053453612306e+00
4.137468118684227036e+00
3.489123180484653197e+00
3.444769845348002679e+00
6.281386223171680605e+00
3.305615225474674013e+00
4.055693067446057398e+00
4.342765485245244861e+00
3.579908508670842870e+00
4.898688123120627402e+00
2.914972496470578545e+00
3.452408609174564269e+00
4.027514142320818280e+00
3.523741177525001156e+00
5.496370370487118073e+00
4.216004798095058348e+00
5.554659895259058899e+00
3.780647017630162754e+00
3.582601778770215795e+00
3.613535464236167893e+00
4.553186315166476206e+00
4.481464362507296961e+00
3.326424698866326413e+00
3.435817327828109224e+00
3.863319589313896518e+00
4.562487147984302993e+00
3.406346898989760064e+00
3.569449989508150178e+00
4.800913260075535760e+00
3.648587807028579988e+00
4.185347709884251088e+00
3.815030948707630820e+00
4.296208653138168465e+00
3.381604660237039539e+00
3.937016983504152634e+00
4.502829888522179580e+00
3.775671385744337805e+00
4.435974345870226543e+00
3.243439654135345851e+00
4.218823259240191526e+00
3.451553450314571947e+00
3.198305044957404863e+00
4.774792825728602530e+00
3.438017502321776941e+00
3.079075595243434549e+00
3.223062155402742768e+00
4.046870960230807945e+00
3.666997671782834090e+00
2.888631383255133134e+00
3.642965963671020546e+00
4.503372079863700250e+00
3.610942391893412484e+00
3.699631958245224617e+00
3.892211748189061904e+00
3.318447904091333722e+00
3.296907495462509274e+00
3.701225884930244181e+00
4.253995825226903449e+00
3.054648475153630027e+00
3.675014084707687090e+00
3.123229265734558613e+00
2.892198341728072108e+00
3.222867597901674319e+00
2.847665103818736387e+00
3.833010444123774896e+00
3.133614616271306108e+00
4.086772945397767920e+00
3.706294459892618409e+00
3.160213784165838202e+00
4.404331341354573937e+00
3.410323595727745793e+00
2.961788789108877218e+00
3.492016229784869363e+00
3.108071067381566355e+00
4.231988483744512308e+00
3.589602875496557211e+00
2.912297085889770099e+00
5.357211490583987157e+00
5.127638380971719201e+00
3.633226939014685630e+00
2.963565957630161840e+00
2.604459638514814213e+00
3.987529019766927973e+00
2.468775492520224546e+00
2.793043388249884185e+00
2.788599514300977411e+00
3.067795106890445656e+00
2.288604038673589081e+00
3.035989844135503102e+00
2.783853538590242760e+00
3.338212723072421007e+00
4.562454529337315989e+00
4.218873479626892298e+00
3.110996154769318345e+00
2.961301660211228537e+00
2.291555474803627757e+00
3.287435887728106465e+00
2.446602908704687884e+00
2.158620310102601358e+00
3.256444594323571362e+00
2.717756296605009059e+00
2.293791890150906898e+00
2.933173782221677683e+00
2.294679716068180664e+00
2.453841388968419412e+00
2.748462482970018161e+00
2.085904635060120249e+00
2.188720058264027379e+00
2.242881891766229430e+00
2.735352823007418444e+00
1.975806508265603334e+00
2.646364011047789067e+00
3.042083192726554586e+00
2.075674235359599606e+00
2.732303626568382882e+00
3.346269112064997664e+00
2.178185716944837313e+00
3.561312984576855190e+00
2.666552755164381949e+00
2.390673882840534947e+00
2.174356340870939430e+00
1.788497931266017194e+00
2.535212387844289594e+00
1.684059213594208515e+00
2.010830548875853552e+00
2.569015832235659325e+00
2.048504653648223428e+00
1.756543638132397334e+00
1.851310139106652208e+00
2.156113570719546679e+00
1.562644673824907571e+00
2.637492993368753424e+00
1.423856615309805118e+00
1.480270165614817834e+00
1.891788728605061420e+00
1.445743214838590029e+00
1.465975145235094645e+00
2.079899874352372890e+00
1.836331304631439787e+00
3.464462271969290352e+00
1.090555682250493374e+00
1.248743679930359063e+00
1.674334128987095438e+00
1.335827498288148840e+00
1.327965111699197731e+00
2.524153838483838896e+00
1.113411807502851847e+00
8.935661139338282322e-01
1.342987832776370238e+00
8.696574434905492978e-01
1.216781259198956633e+00
1.168213056140995132e+00
1.043732479723119555e+00
1.939307769952560268e+00
1.445296215479388913e+00
7.973065278978703763e-01
1.467449229976500069e+00
1.280026463702244044e+00
1.007728070675209864e+00
8.769618076400018669e-01
8.313628490731741483e-01
7.425104222618881256e-01
7.226027623938620081e-01
9.039916874579640993e-01
1.041275534734793284e+00
9.187685738340651831e-01
5.178955073057889269e-01
1.165620425962817563e+00
5.933343362039842361e-01
1.299224537965213200e+00
4.272474111991740875e-01
5.635605002915913264e-01
1.242225414431513908e+00
3.000215479043043532e-01
4.123920582177114103e-01
4.078264316855221283e-01
2.898753180373012661e-01
7.459681322530432590e-01
7.166991596788950813e-01
8.274883001122755877e-01
9.907686323320191724e-01
2.745799647839268776e-01
4.806289052966653541e-01
6.463427149622460455e-01
3.909647107261278176e-01
1.418011846612766469e+00
5.153948152190430676e-01
3.616305043760723592e-01
7.455101002306124824e-01
2.253614621751887537e+00
3.661443957785334158e-01
9.863999038693711530e-01
7.816982030687326111e-01
2.798789189967008095e-01
1.916932354682652662e+00
3.026436506674698990e-01
1.707501894344156668e+00
2.276775984943049558e+00
9.911202627918354047e-01
5.018041442258501794e-01
9.743980623144579134e-01
4.049190373001929633e-01
5.371013132020605596e-01
1.394562323616097110e+00
7.594957428837236790e-01
5.792871308786043949e-01
7.947534371869657832e-01
5.423300861011406404e-01
5.743354017121558019e-01
1.621598266541209199e+00
1.675321182516651408e+00
2.798308827193751291e+00
1.108583978179394247e+00
1.151719767243014614e+00
8.889079383687581437e-01
1.216131504841761135e+00
2.785833584352633174e+00
1.845939447264719924e+00
2.162499133049680111e+00
1.889096730125577439e+00
1.051316178383239430e+00
1.176627684698260623e+00
1.671516483828027200e+00
1.151456073296132754e+00
1.355695894337312080e+00
1.370315099056049091e+00
1.419964470267623957e+00
1.832681571763761230e+00
2.599772941039979912e+00
1.359924893281201808e+00
1.453958554691346494e+00
2.147552459228462496e+00
1.473228806840345406e+00
1.627549736627514898e+00
1.504815817663543331e+00
1.433829407396130851e+00
2.152309568626693537e+00
1.952740676088006389e+00
2.207134827205380567e+00
1.859900785682960578e+00
2.416117889912517303e+00
1.626271721025552619e+00
1.614537620790553074e+00
2.367548390238088718e+00
1.871636332022411864e+00
1.773623143567160554e+00
2.400931715554335266e+00
2.343535596639966911e+00
3.033582398124686996e+00
2.100565107317338143e+00
1.784629145767951286e+00
2.387896290202009553e+00
2.639345300610674627e+00
2.230414655733345963e+00
2.530051015235120548e+00
1.729498078912369952e+00
2.051513467200682950e+00
2.613289823469187922e+00
1.970284177572873219e+00
1.868026641489818562e+00
2.895719144149508928e+00
3.828805434409674469e+00
3.255784549750227352e+00
3.978717802459171615e+00
2.165378047344554968e+00
2.393859770295930112e+00
2.257162104660435986e+00
2.921574581144962046e+00
2.054438629948487804e+00
2.257857840082779788e+00
3.217670905340409782e+00
2.325772971759112018e+00
3.382970617818347847e+00
2.718559591704614142e+00
2.329777915110363029e+00
2.809513380713227537e+00
2.983518555656833549e+00
2.887773025292920792e+00
4.691738417023399776e+00
3.393508185051215431e+00
2.762709671720172899e+00
4.354364017858486591e+00
3.151010825745490074e+00
3.722138407203081201e+00
3.156647604274216867e+00
3.110095217362325304e+00
3.783773518060165486e+00
2.857044261595134138e+00
3.626229323350332656e+00
2.778507796226582283e+00
2.682794037454489189e+00
3.649623311121391378e+00
2.767983804721389163e+00
3.911303028736313525e+00
3.279160703477046912e+00
3.554300672724356680e+00
3.543637428211087403e+00
4.616135057479066717e+00
3.252892181770309143e+00
3.747310573820703095e+00
4.776126792449094438e+00
3.154545281951890434e+00
3.295407190224046712e+00
2.933636112084338166e+00
4.058954403134555911e+00
4.069002447596417937e+00
5.226368721932755257e+00
4.249379020444001398e+00
4.809922108480009229e+00
2.932877056243759828e+00
3.498431908032128224e+00
4.105646681334896186e+00
3.422530329852565334e+00
4.834047788287076486e+00
3.141376105847728084e+00
4.066356804510350642e+00
3.919763516433823813e+00
4.305781921540919654e+00
4.118414480965212121e+00
4.238699336279470486e+00
4.088602134258073839e+00
3.707696742824911684e+00
3.991374671646855887e+00
4.289644099515026454e+00
3.161085501180582735e+00
3.460100108754489145e+00
3.672088498131322432e+00
3.038632197635360299e+00
3.426644205777976016e+00
3.028280077269878134e+00
3.289574627419635355e+00
4.010729268314797480e+00
4.618356396935443087e+00
3.301177576056980367e+00
3.296259517217202895e+00
4.221912820766404728e+00
3.730103004399996980e+00
4.226531329925229841e+00
4.059421174389932219e+00
3.313126747624234980e+00
3.474042406364885149e+00
3.225911127113357590e+00
3.520797812929996606e+00
3.252601285979727308e+00
5.596894211708097089e+00
5.114293674917503196e+00
3.606359146836423779e+00
3.405092527260111801e+00
3.467281391279099179e+00
3.354137964352306156e+00
3.419197201767147920e+00
3.309293137318974232e+00
3.782792417839532462e+00
4.077302683276071704e+00
3.552253810241326804e+00
3.619883876294699210e+00
3.445267086425197967e+00
3.560306073030907292e+00
3.360947837310609199e+00
4.159544617784601606e+00
3.118452918441593003e+00
5.314042177605191597e+00
3.060384190580075714e+00
3.871554721723350134e+00
4.256989312359843680e+00
4.150372222630887009e+00
3.152635761164047867e+00
3.306139096241241582e+00
4.011071558575153517e+00
4.378839304813642919e+00
3.469220669656834843e+00
3.197056872823248685e+00
3.112164116892531140e+00
3.119615505912042508e+00
3.482617508564599618e+00
4.501568410800489417e+00
3.545418547660952324e+00
3.187901613467563955e+00
3.313899845172897596e+00
3.237277670541315100e+00
3.446176268396449860e+00
3.521074867340522996e+00
4.452289057265042871e+00
3.147929508068684434e+00
3.330349655089810845e+00
3.696584306402129538e+00
4.603923872745772528e+00
3.550200157326582673e+00
4.040467205483071922e+00
3.225549437319839896e+00
3.503526712072055460e+00
3.086014657977295794e+00
3.228708318520342679e+00
3.294539865080616803e+00
3.073177529950149367e+00
3.636400250593212036e+00
3.477783350115595251e+00
3.339620448039015699e+00
2.749619185362150997e+00
3.033806736256256631e+00
3.079369005903021872e+00
4.273398361350562169e+00
3.110494314304007357e+00
3.472528016822694408e+00
3.688948529836340917e+00
3.048014499334166683e+00
2.532753258460922474e+00
2.793835018087808209e+00
2.710359417970730878e+00
2.425631770123024555e+00
2.513003266742189101e+00
2.459195495429437717e+00
3.244242607468243111e+00
2.574106662559103142e+00
2.707321653306364428e+00
3.262137948970048829e+00
2.319094395963730015e+00
2.178371413484295971e+00
2.854406391333871973e+00
3.220307995626395581e+00
2.583182829483672283e+00
2.360921232823419036e+00
3.461449052282002725e+00
2.934834968323480453e+00
2.635262739415336508e+00
2.607212249992136854e+00
3.778631592190236255e+00
2.366838394487774888e+00
2.324235913040385793e+00
2.346822056468246931e+00
2.037217990930739298e+00
3.201101299439209846e+00
2.696879563410281566e+00
2.674780236263726518e+00
2.489246708274708286e+00
2.729404753960345431e+00
3.191355223166554289e+00
3.032482588815043734e+00
1.842596937260415846e+00
2.649866550186516179e+00
1.961602400002946833e+00
1.627856819367567986e+00
2.151861516137524077e+00
1.930632155470587197e+00
1.727490561263280267e+00
1.744472003511153613e+00
2.237077896573404168e+00
2.138896034305130645e+00
1.587944474979568366e+00
1.881516714460793160e+00
2.515057598001129602e+00
1.957236267981941058e+00
1.372502978475947710e+00
1.357741341790666301e+00
1.405941705151739329e+00
1.887683763592486130e+00
1.556302508806473250e+00
1.967767194061566194e+00
