-1.69937983900309 3.05778833143715
2.30644108355045 15.1897876354786
-0.728184625506401 5.34138963603234
3.06413923203945 10.5416320269027
3.52373827435076 7.3896147665623
-3.63554800488055 13.3187849384368
0.22484390437603 11.5606793882392
3.13935235515237 10.0156820759441
0.41148011572659 12.7997643507168
-0.347082117572427 7.61891239255785
3.65466676279902 6.56399506460301
-0.373326750472188 7.44699468055231
1.42056508362293 16.9211554646647
0.581067215651274 13.8424141739789
-3.17660253867507 10.2450191354373
3.19859976321459 9.60116633686574
-2.03129812516272 3.72919271400027
-3.66352373175323 13.4898852591507
-1.37663424573839 3.13153219953949
3.63602919317782 6.67824976150042
3.11631452850997 10.176928031802
1.5424272492528 16.9971833729484
1.12405451014638 16.313016624926
3.95415821298957 4.91762383432782
1.24564639292657 16.6332198839331
1.6682437453419 16.9667902945924
0.352528197690845 12.4169014028965
0.753136163577437 14.78751070076
-1.68672210164368 3.04698309677377
-2.82309082150459 7.80799134145559
3.70419386029243 6.26628201176291
3.21839236095548 9.46293036887222
1.52564222738147 16.9928650879718
2.36373934149742 14.9122618329916
-3.8030905239284 14.3000962876419
-0.177632231265306 8.76310308407544
2.06767630018294 16.1535187592422
-2.26873651333153 4.6368272755523
-1.45455193892121 3.0472414192104
-2.1469937171787 4.13021637096035
-2.85759982094169 8.03866461719466
-0.683629313483834 5.57872347756822
-0.690205389633775 5.54313097688093
-1.04923639260232 3.93069883338393
-2.78044201806188 7.52654386817913
-2.88955149240792 8.254331957554
-2.13572720438242 4.08762074653035
-0.272300397977233 8.11736550076182
-1.8722188770771 3.31559408803187
2.86262172274292 11.9275655693326
-3.63335066661239 13.3052341893729
-0.4623994063586 6.87732225282328
2.39139876514673 14.7724642925799
-3.02480592019856 9.1843499485492
0.487583870068192 13.2794488001373
-2.34774888306856 5.00862593361317
-2.97974679805338 8.8720185082082
2.02646291442215 16.285775219451
3.1603628732264 9.86861617774397
-1.00429779291153 4.09350280426694
1.32092155702412 16.7826037759729
-3.24127471260726 10.6966194130303
-0.928242897614837 4.39602226089066
-1.80493084341288 3.19099150836101
2.51712031103671 14.0926849654534
-0.411869268864393 7.19773916812854
2.48051482439041 14.2977758065847
2.4991160761565 14.1942604210925
2.35473856888711 14.9569486625487
-0.481346499174833 6.75918833853104
2.03580126911402 16.2567354454305
1.03376905247569 16.0146329218746
1.68145921081305 16.9571817651081
-3.99500181339681 15.2746821607954
-0.197467407211661 8.62669389263447
-2.23904891870916 4.50566090787316
-0.961467698216438 4.25977292046387
0.902168026193976 15.4927091402095
-1.18561672605574 3.51288323080828
-3.11091660521924 9.78530133772381
-2.05104421824217 3.79183702906478
1.34444469958544 16.8214416207522
-0.658825762569904 5.71467846267863
2.30556667223573 15.1938931606524
-3.17708284594119 10.2483791976383
-0.520858068019152 6.51662778099344
3.87965583987534 5.29000539753899
3.14440891519189 9.9802861948448
3.09175248630345 10.3487367496801
-2.59957879781723 6.38896425352643
-2.95443446747959 8.69752776001735
1.22481540031731 16.5852027767759
-1.25186822190881 3.35299561457372
1.25406502373517 16.6518099761005
-1.43701406009495 3.06254855896375
-2.49847104586661 5.80212550838577
2.25835441052914 15.4095865914989
-3.25124010629952 10.7659951424531
-0.26576766744256 8.16144957303193
0.0920436792075634 10.6433963758524
0.799911674112082 15.0210618560387
-1.33741167746484 3.18977563203865
-0.0910957306623459 9.36321146319457
3.63579061999917 6.67971986130902
-0.136780822649598 9.04551698664386
3.12280177697539 10.1315283956006
3.31550549529493 8.78873763097562
0.869879858568311 15.3497602278748
-0.714481787756085 5.41341778915493
-2.82324247248471 7.80899953318084
3.48239842616022 7.66027359246924
-1.59016880020499 3.00131348346192
-3.51423542760313 12.5485466773995
3.58181552030146 7.01701234540009
1.76477018743753 16.8687218913561
-2.86164563521743 8.06586689073573
0.39427724853158 12.6889869386662
3.63272990845144 6.69859685337616
0.683866824954748 14.4225653721363
-0.763917746022344 5.15770888049554
1.18314783461392 16.4806036251736
-1.44143506325781 3.05848854555553
-1.53823991306126 3.00370939260751
-2.24185894988477 4.51787055403441
-1.04408907331526 3.94873111685401
3.8737536277622 5.3206513448204
-2.7663815934211 7.43471760184475
-3.27164800092578 10.9078231591128
-2.86474473774433 8.08672532845024
1.52005681209266 16.9909911887802
0.954051867127419 15.7103600663333
3.13115293718874 10.0730766873807
1.38399274088442 16.8782202210879
1.89662190340459 16.6317075274209
0.169085806235671 11.177968841331
1.27870759740472 16.7035115617566
2.57444368116558 13.7606070315073
2.29025241360068 15.2651498615707
3.83857533894479 5.50665107931369
-0.484547710046172 6.73934272470364
-1.50638238340616 3.01451702586807
-0.724200379103422 5.36224299537807
-3.91626310534775 14.896364208118
-2.52920380793512 5.97623314599257
2.74183455109596 12.7243686999204
-2.15070574358106 4.14441398223002
-2.08720035478473 3.91279767593193
-3.38647067733109 11.6970659248419
-2.03421057574451 3.73827930097154
1.85708164423704 16.715096384365
2.7796253208071 12.4788033960847
-0.0197818633168936 9.86153598786576
-0.896727761253715 4.53097935701684
-2.02840804681182 3.72022850614642
-3.11122830957174 9.78748225204646
-0.88004451803863 4.60462930001875
0.575482511892915 13.8096775333897
-2.26485789753497 4.61941976038547
-0.441855983808637 7.00667445550241
-2.25607465021312 4.58029949431019
0.0183965060859919 10.1287682791095
-1.16876342520118 3.5581279049441
1.19988127052784 16.5239723979715
-1.00228834711015 4.10106374171537
-1.15643695369363 3.59237901094041
0.269503563642502 11.8637706704916
1.92267488315701 16.5710883200063
-2.23117649741471 4.47168640219525
-0.698031051084399 5.50102647005937
-1.87450650520623 3.3203656144366
1.03978442773223 16.0360655610974
-2.52937207370996 5.97719701926737
2.90915289148688 11.6124664992736
1.97254403308034 16.4426529914969
1.34627719782293 16.8243089582243
0.944142986088991 15.6699625248678
-1.02209551818669 4.02757988809234
0.238685486838222 11.6549790941172
2.99745874293149 11.0054476257447
0.654000798240304 14.2585656713772
2.71814211830497 12.8763606548544
-1.50041468068957 3.01733036066913
1.66632257774472 16.9680858536576
-1.87985755130649 3.33166327761987
0.754745552316308 14.7957233762771
-0.149681596085429 8.95613692574605
-1.87973814830184 3.33140909809064
0.516723478212953 13.4582383313266
3.30550578422844 8.85773911590517
3.21499511599541 9.48664404003213
-1.80666702799499 3.19382134765143
-1.42813794873655 3.07110922432489
3.8851270750165 5.26174372446748
0.959946481510997 15.7341261124334
3.4985127132386 7.55426957580392
-0.267738381400704 8.14814248054551
-0.745339253917336 5.25245192979505
1.27384259365499 16.6936260195755
-2.78122706525028 7.53168546115868
0.582936465740204 13.853344700934
-2.09019178524613 3.92316415963596
3.69887149147689 6.29784899068842
0.810925807803869 15.0744764483589
0.1202378179878 10.8396381815741
-0.77941326238215 5.07996475083106
3.04197232984006 10.6961894100681
-1.08726508170366 3.80248881684702
-1.69408575445414 3.0531336353634
-2.63483811914921 6.60260446966721
-2.62262602895498 6.52811837181102
-0.14365915581584 8.99784131113847
-1.97628057189286 3.56761958569165
-2.2699616830796 4.64234270858032
1.39501110464334 16.89212665242
-3.61869098059833 13.2144242614477
1.60682469978929 16.9954573386008
-1.18489089235663 3.51479393949452
-0.728448016569018 5.34001366190294
2.56761059165001 13.8008618430054
3.35085878521204 8.54580531529239
-1.73977335914969 3.0996987651817
3.68883834965527 6.35764003642873
1.8271554261446 16.771237028593
1.49100065603852 16.9777261008212
-3.57724845781922 12.9540352793937
-0.8382389228791 4.79573441353763
-0.177236961200833 8.76582653360386
0.482026109471917 13.2450276270821
1.58609275892377 16.9991810830422
3.32546830736101 8.72011120221831
0.946809818968177 15.6808898608941
-0.572627929970622 6.20710152252237
0.336642937734723 12.3122423295759
-3.53217209130526 12.6650699492345
-1.91314514353871 3.40621864063618
-0.822784373536706 4.86870213768195
-2.41804210655391 5.3656511778038
2.65542050264776 13.2707150806092
-2.77690221741796 7.50337925484396
2.42734833620489 14.5853263310337
0.374609252437949 12.5613623528406
1.29854113608599 16.7421684106349
-2.62641204893589 6.55115586057121
1.06444287858903 16.1216320531254
-1.50504202581942 3.0151272467778
1.79643477126956 16.8225602717012
-0.808481402695179 4.9373251158955
3.75485128909349 5.97125256433385
3.7391869649291 6.06141261375253
1.81362031213939 16.7946398369859
-1.94226602837443 3.4774358952869
-2.22569652274251 4.44823895500986
0.744365213438869 14.7425353497876
-1.85982854291797 3.29035883328021
0.248563190922141 11.7220809353826
2.28233337029815 15.3015135859436
-2.65551351569593 6.72986058153852
-0.764806551858783 5.15321795129003
-0.22738977894187 8.4219531431844
2.94485445506871 11.3683004789679
3.4056636467576 8.17291195588578
3.05582047440112 10.5996693415009
1.39349474012852 16.8902624426675
3.60133583471179 6.89397421608652
0.13155915401876 10.918259874959
0.612152170389891 14.0224110795323
-1.30935035273433 3.2378793468042
-1.22140294872224 3.42293615473543
-3.83980559557676 14.4999488934876
0.0225043650716543 10.1575172590399
2.96834730915725 11.2066601018703
-3.94959372840822 15.0603523074326
-3.42354300804436 11.9476066436326
-2.68631020002067 6.92198790685984
2.16267259418964 15.8092673453701
1.88147444650531 16.6648853926467
3.77500508539379 5.85670937189542
-0.26822098530829 8.14488482955299
-3.4049238935113 11.8220887746761
1.19054499454796 16.4999996738011
2.06874535605311 16.1499480223091
-2.90315135195851 8.34668179241499
-0.827323243021965 4.84714424146511
-2.20011736638844 4.3410087039961
-3.53633151575923 12.6919700245896
-0.832858493551612 4.82099762824035
-3.4805736001581 12.3276834124026
-2.19290853664279 4.31145438300345
-3.56296712718904 12.8631055889851
1.36225631646812 16.8483395508266
-1.61806573905051 3.00781893462591
-3.19422734156251 10.3682727164062
-3.42476722225547 11.9558363116658
3.04352455027401 10.6853769040617
2.03397921659052 16.2624444620995
2.53284710086882 14.0028716308103
3.85712298937142 5.40787555788871
-3.17120284028351 10.2072410202096
-3.20766536518931 10.4621725328623
2.39065288938582 14.7762825175283
2.2766021322459 15.3276238075241
-3.92456075921655 14.937704693276
2.23252706229687 15.522509340149
1.83512521535158 16.7568763768858
1.04105482250452 16.0405640392068
-0.152713360264897 8.93515670139093
-2.74690518900752 7.30836209368309
-3.93427584134042 14.9856748353257
-0.380332846194506 7.40139314054515
-0.0616533700376749 9.56869976957547
-0.883303107693791 4.59012525461194
-0.282672464847565 8.04753868144809
1.70623200573027 16.9358981929892
-3.55758458934724 12.8286822793646
-1.16173521988094 3.57753730948586
2.42249818332493 14.6109253349549
2.68567069619894 13.082031997168
-2.09800476022065 3.95049544239244
-1.16811117902398 3.55991579676081
2.85508336126804 11.9782387833327
2.83010699041188 12.1453120232526
-1.63283635675907 3.01346705826142
-2.82361340336502 7.81146573313804
1.63193649053574 16.9869206564296
-3.16954649426043 10.195651401476
-3.73017781600356 13.8862937424378
3.99523622356355 4.72423924575815
-3.72100156731904 13.8327059364803
-1.29286972992122 3.26861541855573
3.32051009312272 8.75424921091601
0.937882157042623 15.6441504830959
-1.70971721038222 3.06743797970463
1.90237922407687 16.6186976221045
2.67243447341025 13.1649490959807
-1.48583375662565 3.02525003942845
-0.0594676174223423 9.5839719859883
1.57899012975395 16.9997650168904
1.13169883191586 16.3359499507438
1.15138331986964 16.3932969488732
3.82282723858953 5.59173233069638
-0.682117324322462 5.58693409128272
-3.04476176016033 9.3232424754644
0.20823728106916 11.4471490828874
-2.19941319338977 4.33810879337889
-0.108705887570977 9.24055657167874
-1.03828161209822 3.96926849860456
3.86680144630373 5.35695803396614
-0.893447078764439 4.54534268458123
-2.166041277349 4.20392176053663
0.986380370333791 15.8382411651038
-2.9076784234494 8.37749154802163
3.73975595459342 6.05812059873792
0.120574463158846 10.8419776364275
-2.69543736614287 6.97949742696483
0.975218361243606 15.7947708405107
3.88763332180679 5.24884501928859
1.35017213970423 16.8303273018152
-0.648672824725509 5.77109468771443
-1.41324005462229 3.08670434108174
2.68204255960882 13.1048144584531
-2.84946365095675 7.9840582453412
-2.45747242495418 5.5760598145876
3.17390946112573 9.77382172124206
-1.53504356555641 3.00447343322862
-1.09359565190971 3.78201118945106
2.27157182991505 15.3503965516265
-2.4529705606401 5.55168288925793
-3.8578735049814 14.5960882860554
-0.747137069702148 5.24321163378321
-0.134658645838499 9.06023561584376
-0.625240398570895 5.90295452715278
-1.25752958655357 3.34067639982952
2.93186651729047 11.4573443140646
-0.359135592356324 7.53974426221392
0.270118989050388 11.8679227908885
3.71074665524065 6.22756273788953
2.19673233665526 15.6729057526415
-2.32898921146989 4.91744149079893
-1.52970533818007 3.00590881123462
3.77073960192502 5.88081321881324
0.679200747981668 14.3971994267747
2.08658900298178 16.089314197925
-1.01832484453917 4.04138924778881
2.15355128981173 15.8446478429349
0.301417464390397 12.0781184534721
3.31196359731257 8.81316446268965
-2.5176284648478 5.9102013186064
-1.74225266091526 3.10263864938954
-3.24030069448054 10.6898348029334
-2.31610336713493 4.85584207872249
3.81679197028279 5.62462961430825
-1.62958259694278 3.01209190655755
1.80786421522498 16.8042153833225
2.28550267405808 15.2870001275065
-3.15665803104639 10.105453653032
-2.0832429677248 3.89916748419073
-1.83564102090895 3.24406784294817
-3.19153204746544 10.3494304715752
-3.05668926984072 9.40639009519944
3.92989244684577 5.03591105387727
3.88843437843025 5.24472857338068
-2.90346022881567 8.34878283653038
3.24247665330768 9.29500927351812
0.610414700582623 14.0124512353898
-0.836409127339721 4.80430914815812
-0.401580126956105 7.26388725799496
1.652015209198 16.9769249147588
-3.33997803367674 11.3796064625334
-1.28549935854971 3.28295319144855
1.44630040973425 16.9458227130195
-1.46440601535141 3.03957879079488
2.65254878439009 13.2884743329036
-2.27862333878875 4.68156442021929
-0.0164085105061531 9.88514558050448
-1.79160261899233 3.16995177298109
-2.46381345018744 5.6105474919555
3.60497011244297 6.87119635317706
-1.42619569785893 3.07305526861832
-0.172348929569125 8.79952135412357
-3.77605942450464 14.1492369968134
0.379675744101405 12.594335274529
1.15392176434398 16.40051235867
0.770108357071877 14.8734911766694
-1.42450099438429 3.07477462959064
3.12891449965537 10.0887447000912
1.01005557924509 15.928029826092
-1.57676067762077 3.00012450681361
-0.89436268992722 4.5413280868407
-2.71619926020503 7.11124597492039
2.900415180251 11.6719233016541
3.62480971030891 6.74758794188455
0.509157467633486 13.4120923074391
-1.36362069286406 3.14968953920054
3.97293774969876 4.82813066777816
-2.12144259363413 4.03469415961359
0.901375722140074 15.4892693148088
-3.13457176461816 9.95085418095739
-0.103739440441132 9.27512571850599
-3.20443341322243 10.4395958595882
-2.71067389845848 7.07605979678924
-1.73605703376234 3.09537149931943
0.670978687703609 14.3522696429867
1.85366127081215 16.7218182626635
-2.67583271116018 6.85628652620693
2.93174210563302 11.4581961016002
1.66859309747815 16.9665519421899
2.08319628983736 16.1009927159594
-2.82332713156939 7.80956237763088
-1.13554429262877 3.65265337424975
1.38665985129774 16.881663085319
0.190580813214183 11.3260045688776
-1.20158565789461 3.47171257390103
-2.07575438730419 3.87363664994086
-3.53446562960744 12.6799085878623
-2.10704206302762 3.98257015867036
3.12062330543995 10.1467746800275
2.49461932852864 14.2194190538541
1.98013057745993 16.4217019541352
-2.76070619374514 7.39779516766055
-3.00206329114735 9.02646053541596
3.79780646786094 5.72915014935475
-0.510960031300783 6.57689581317318
-0.287866985425353 8.01264660402296
-2.67761535011232 6.86744078774509
0.679492458701134 14.3987880494587
-1.83377584442496 3.24066200439007
-2.15922463685274 4.17730144374076
1.52966265194118 16.99407890771
-1.73718080297112 3.09666995373468
2.48318452946842 14.2830095426087
-3.24866714328527 10.7480900448256
2.5762405693531 13.7499920440624
-0.580573754385114 6.16047360526943
2.04709807783365 16.2208763926028
1.2990840524435 16.7431893645178
-0.443780824542046 6.99450016078163
1.01716947555542 15.9543624722577
-3.99627720750868 15.2805471392696
-2.26205188781023 4.60687662780856
1.63897796534002 16.9837357267358
-2.27866809442639 4.68176812144328
2.5114697702229 14.1247083264425
-1.53788900561631 3.00378977924311
1.50194148533046 16.9834130925736
3.46144863218069 7.79899107007801
-3.07376268133521 9.52555420294836
-2.97835449688137 8.86240086319686
1.42579085938632 16.9265358110092
-0.5684112329036 6.23194351434771
2.67520782351494 13.1476211343731
3.77150453440845 5.87648512947268
-3.43608817830682 12.0317999108166
-0.321718454360962 7.78661880839657
1.61268094740808 16.9938607725399
-3.30447865650058 11.1351667599395
3.94355212897062 4.96896075242354
-1.97520804777741 3.56466178241386
-3.60369251482189 13.1208009889585
1.49059957452118 16.9775017452781
2.29541882127523 15.2412479414094
-1.17115139216185 3.55160556565199
-1.06846844032407 3.86475104211945
-1.70319895446301 3.06126701361783
-3.36021670140326 11.5182064008605
-1.07636584341526 3.83832626126469
-2.57588948309422 6.24793298634611
0.288429765030742 11.9911304360746
0.0315896961838007 10.2210910975426
3.5602808278054 7.15406397746889
-1.26942972838879 3.3154778219667
-0.282289806753397 8.05011112635146
-3.33975054696202 11.3780452531968
2.88085476867855 11.8045549649669
-0.834714880213141 4.81226419107262
1.8871948029846 16.6525352484084
-2.62605275213718 6.54896745326988
-0.361906949430704 7.5215919028432
2.16163807548583 15.8133044803054
-3.49880001321435 12.4476146782563
2.52065196074545 14.0726035908941
-1.59085980430245 3.00140885369262
-1.08263177610934 3.81763372701406
-1.50309766456485 3.0160347555476
-3.70104028098285 13.7150268147559
0.150439387187362 11.0491079996401
1.4321073256433 16.9327866025036
3.22586848214269 9.4107672744373
-3.79578641243279 14.2596376027469
3.91262616589665 5.12186214646037
-1.57689900323749 3.00013034890462
3.51310720480978 7.45881048063253
1.50086065381765 16.9828884818315
-0.423704041168094 7.12202163006556
2.53182511031628 14.0087383835053
-3.68400641717017 13.6134335851427
1.91225348412991 16.5958740516132
-1.21024405024946 3.450085102862
2.63400658778846 13.4024835515468
0.284331133589149 11.9636085210384
-1.80363709107041 3.18889614268639
2.40758569538593 14.6889510932004
-3.26684244163334 10.874457980251
2.65686219371855 13.2617892098149
-1.78515942022204 3.16021545104712
2.02488079667091 16.2906409485492
3.71322056092322 6.21298691094076
-3.34826751984656 11.4364466887647
2.83491797186434 12.1132310039967
2.4179057367146 14.6350642051077
-0.918611163273454 4.43668372596901
-1.37922080792487 3.12806174014872
-2.36049037612975 5.0715616896588
0.555061301216483 13.6889677940084
3.10444152355194 10.2599980921251
0.237712731584907 11.6483620713852
0.695669254288077 14.4862952351801
1.32588114030659 16.7911052547593
0.239139668643475 11.6580680622975
0.0787431951612234 10.5506329218337
-3.8707161527127 14.6635136303528
-3.61832012049854 13.2121179144771
3.43480546027422 7.97679422575489
2.15428430959582 15.841822472625
-2.39135507121682 5.22731195986767
1.20209200307727 16.529565696001
1.23013345897198 16.5977338039308
-0.837969908490777 4.79699396906117
2.49843862839043 14.1980560789323
0.376187341287732 12.5716397053397
3.08106121234596 10.4234613804624
0.426511900499463 12.8958839691868
3.24838489294052 9.25387442222904
0.699690936133265 14.5078688997274
-0.612290792167187 5.97679480985935
3.59668258391321 6.92319834946584
1.67230322770774 16.9639681759582
-0.693556735292077 5.52506612295762
-3.85308733023703 14.5707658378795
0.533872662112117 13.5620963156694
-0.079492375254631 9.44413922262436
3.02939216978848 10.7837565230922
2.50282150320709 14.1734653494907
2.83279982022941 12.1273615239365
-1.05683241784573 3.90438203776783
2.9915993027389 11.0460209058877
-2.78929462842643 7.58461078404088
-1.74550664238632 3.10656146200406
1.333641262725 16.8040720429163
3.81906861439347 5.61220120606033
0.661917893216014 14.3024159091771
0.212720636278391 11.4778399401943
-3.51374220103025 12.5453307379467
3.75231090933084 5.98580779577041
-3.03810297138989 9.27686464968756
-3.29309359192848 11.0564543360501
3.04611291922629 10.6673431022342
0.0669650379568338 10.4684050030944
-1.30004002153873 3.25501776747829
3.15467700362206 9.90841216313594
-3.74422697536647 13.9677029787779
-2.10216242074966 3.96519038281692
1.49192280881107 16.9782376740833
-2.19345261342824 4.31367466129831
-1.45204329490662 3.04930001127345
-2.60812946595252 6.44037143509369
2.41143666952848 14.6689010355405
-2.8297435361892 7.85226636662811
2.58173913322389 13.7174346062283
-1.35201737098396 3.16685767160297
-1.00664489716291 4.08470156002097
1.03796339035034 16.0296002645544
-3.2269300557673 10.5966370340663
-3.82405027747154 14.4149147311561
3.94435824267566 4.96503895298497
0.671510765329003 14.3551861395719
2.25458452105522 15.4262960855899
3.13516898080707 10.0449654002388
2.03892362862825 16.2469039055647
3.83362984098494 5.53325076942592
-3.6468234565109 13.3880659418279
3.22720707766712 9.40143089218394
2.92400651238859 11.5111131766024
2.20326073095202 15.646012157104
-0.985468665137887 4.16528225400233
-3.66313561052084 13.4875298742582
-1.08471134677529 3.81081978781095
-1.8099898416549 3.19929446194539
2.80373984575272 12.3202343465493
-1.10078630037606 3.75905376873948
-1.56417767517269 3.00015332236283
2.0730827152729 16.1353888120402
2.75867699459195 12.6153859085795
-0.336627511307597 7.68785959437151
1.837053315714 16.7533376504088
-3.16737091168761 10.1804278221951
-2.24013457819819 4.51037298416052
3.63160998187959 6.70551175806019
2.01630032993853 16.3167551904817
2.55164306610823 13.8942339267547
-0.65778318606317 5.72045143222582
0.750707944855094 14.7750960917551
2.39058846235275 14.7766122023757
3.10726920329034 10.2402169790391
-0.918467253446579 4.4372951804062
-3.27742332592607 10.9478936516121
1.00594909675419 15.9126927021377
1.96508973836899 16.4628776445937
-3.31697234138846 11.2213740958055
-1.59585911035538 3.00219838584061
0.916497258469462 15.5543229858264
2.02345646359026 16.2950079497743
3.33645706437528 8.64456540410859
-0.193995954468846 8.6505300534849
0.53695572912693 13.5806576101258
1.8929627686739 16.639861905891
2.85957939550281 11.9480295787889
3.27317203581333 9.08159975139991
-3.54894219711423 12.7732399933583
0.0232664328068495 10.1628503361755
-1.19564181566238 3.48684287664644
2.76444898359478 12.5778647108057
2.45148131065071 14.4563613575194
-3.0613501816988 9.43890528391404
1.70149243995547 16.9402998941292
-2.11784913577139 4.02157106481448
-3.40034599043429 11.7911291275594
3.48516917787492 7.64200284095453
-2.74265739880502 7.28093801471478
1.17645880021155 16.4627590090129
-2.61185803078115 6.46286952137439
-3.83940792642534 14.4978162573989
0.170510770753026 11.1878001439497
-3.30977685377002 11.1717471255026
-1.73598123155534 3.09528422787872
-0.63652079179883 5.83919177944706
0.698224993422627 14.5000135123025
2.45355543680489 14.4451551782816
-2.38403832912445 5.18997329006526
-0.324602626264095 7.76747467597061
-0.41485508903861 7.17859878963118
1.86998206563294 16.6890376211519
1.71803848445415 16.9242561085583
2.64977583102882 13.3055970696134
3.09252896718681 10.3433080283538
3.62115659192204 6.77025356984622
0.404933774843812 12.7577052426489
0.178686128929257 11.2441574285428
-2.63441395759583 6.60000879217633
-0.165827520191669 8.84452010964742
-1.96943362802267 3.54886441011801
-3.68175490386784 13.5999260385003
1.07840407826006 16.1684313660417
0.316487312316895 12.1786118143953
-2.87917160056531 8.18406365716609
-1.73030578531325 3.08886278251967
0.664244761690497 14.3152525297103
-2.67979286238551 6.88107933871292
-3.22959111444652 10.6151945248066
-0.571095269173384 6.21612316858319
-1.15390747413039 3.59952814520238
2.75946831889451 12.6102469784341
-1.91894021071494 3.41994713271907
-3.81484406255186 14.3647185743824
2.89919631741941 11.6802071581928
-1.3232963103801 3.21330470634587
1.05431097373366 16.0869212205865
0.371410069987178 12.5405080318669
-0.988444054499269 4.1538013519905
-2.51301587931812 5.88404090720078
-0.56847527064383 6.23156574417975
1.04618878848851 16.0586440731691
0.166738810017705 11.1617709315728
1.27697069756687 16.700000431877
1.83488745056093 16.7573110174334
-0.105417013168335 9.2634468666115
-0.924347074702382 4.41240652023935
-3.94533192925155 15.0396937372189
-3.97052617929876 15.1604784976439
3.95949152112007 4.89202454184651
-3.13690495863557 9.96718625549825
-0.650646733120084 5.76009206973307
1.74307637289166 16.8963752329832
1.94031305797398 16.527513959335
2.97599058970809 11.1539233163461
0.86294368840754 15.3183189448794
2.04962681047618 16.212740620351
2.77793038450181 12.4898955846382
0.902237191796303 15.4930092623248
2.3457933422178 15.0009618568652
-3.81716253235936 14.3773948648425
-0.664683602750301 5.68232913522247
2.99905909970403 10.9943600078243
1.17877612449229 16.468973808439
3.39583189412951 8.23943576306716
-2.62219923175871 6.52552447592279
-1.47349768690765 3.03310845638224
2.43405023403466 14.549776483989
3.91170728951693 5.12647727314196
-1.42091558501124 3.07847775159193
-3.99046697281301 15.2537589927321
3.93736495450139 4.99917044212923
-2.81318086571991 7.74221926909451
-3.60508562251925 13.1295269310805
0.778827860951424 14.9171195272634
-1.42937245219946 3.06988589585082
0.223432002589107 11.5510432969896
2.36337616294622 14.9140726627546
-3.44853922538459 12.1150453567921
1.56016557849944 16.9996044588925
3.58905205875635 6.97126476916475
-1.77784546092153 3.14950744981664
-2.00474731810391 3.64881875503764
-2.72451615892351 7.16437494245039
-3.42695955187082 11.9705667140195
0.459500664845109 13.1045043478781
-0.0813035871833563 9.43150169459881
-0.0456611048430204 9.68048332177559
3.10697268135846 10.2422913994285
-3.70636512152851 13.7465654181773
-2.3700494915247 5.11930416719866
0.110249113291502 10.7701813357245
-2.10928088799119 3.99059213532691
0.60348535887897 13.9726094017882
-0.141936708241701 9.0097757214284
0.554821509867907 13.6875411507787
-2.84678147919476 7.96608576661275
-2.83432989940047 7.88284491942324
-0.701735096052289 5.48119345946929
1.4640822596848 16.9601801877531
1.22742256335914 16.5913693703298
3.32789066433907 8.70344431979373
2.50490505993366 14.1617471204557
1.40712000988424 16.9064443640212
2.45999287441373 14.4102531444891
-2.97548464313149 8.84258365743082
-1.99377172812819 3.616898454791
-1.34762406721711 3.17359818599763
-0.741845680400729 5.27045182485125
1.0829406157136 16.1833799106955
2.46889635920525 14.3616799880378
-1.9295903891325 3.44575325333148
2.55573711916804 13.8703871467965
-3.87617864832282 14.6919598343669
1.23520613275468 16.6095127528955
2.4937566742301 14.2242357378913
-0.3090485855937 7.87093295756034
-2.37266318686306 5.13243595169357
-3.8498542625457 14.5536012008931
-1.73493842221797 3.0940876639253
3.32218100503087 8.74274128217532
3.46957216411829 7.74508370232444
0.340252909809351 12.3360785936286
-2.2446196321398 4.52990793334434
-0.0845775678753853 9.40866262237011
2.40918988920748 14.6806073074804
-0.738954737782478 5.28539044908264
-3.17030746489763 10.200976057685
-1.75547860190272 3.11903748214042
-1.10827023535967 3.73550269595774
-1.92604127153754 3.43707075818546
-0.234545331448317 8.3731944715853
-1.07323621399701 3.84875215025411
-3.02982356585562 9.2192443342665
-3.62405055575073 13.2477054765059
-1.89762956649065 3.37055364650715
3.74912934377789 6.0040732603789
-0.0920361410826445 9.35665616767661
-0.177423762157559 8.7645394326262
1.99034304916859 16.3929157263604
1.34112185053527 16.8161838885884
-3.60467522591352 13.1269569797817
1.56084195524454 16.9996531895684
-1.09390746615827 3.78100899002016
3.07306885905564 10.4792912699697
2.20237783715129 15.649663317589
-2.88637086935341 8.2327798957422
-1.6399258300662 3.01671944882285
-2.99133771657944 8.95216858629962
0.719212990254164 14.6115495257334
0.493404870852828 13.3153916864924
1.50976896099746 16.9869688573031
-1.50983352772892 3.01300359201581
0.844694731757045 15.2343792287116
3.9282745514065 5.04390245077485
1.94563932158053 16.5139558199815
-3.39314295724034 11.742340388648
-0.390648748725653 7.33448141945617
-3.57170452363789 12.9188074010381
-1.28355588763952 3.28679470064411
1.87161719053984 16.6856550982774
-3.96714447624981 15.1444547944958
2.17527585849166 15.7595860619439
-0.29619831033051 7.95679669102053
1.76672280021012 16.866074102925
1.33204573765397 16.8014394341243
0.576589765027165 13.8161775502485
1.63050360046327 16.9875263514794
1.25776848383248 16.6598387536614
-1.68518283963203 3.04574504907099
-3.22208435460925 10.5628336889289
3.69937056861818 6.29488449351182
1.89067223295569 16.6449211258203
0.901787748560309 15.4910585771141
-3.04056895337999 9.29403634908399
0.402072371914983 12.7392839995935
-1.89794977754354 3.37127360263661
3.18688664957881 9.68305042679656
-3.92656043358147 14.9476167207779
-2.11012051254511 3.9936083787111
-2.95964323729277 8.73336992925625
-1.39013482630253 3.11392465427555
1.81119110621512 16.7987084134027
3.93396188318729 5.01586806177745
1.7210682220757 16.9211128690556
0.0355184879153967 10.2485771417607
-0.511618625372648 6.57287522780584
3.59060200490057 6.96148694143155
-3.03854809887707 9.2799639427409
-3.39883858710527 11.7809265463129
3.11217194236815 10.2059152695883
-0.604383239522576 6.02221723070433
-3.66111456975341 13.4752563352664
1.1795371491462 16.4710072139617
-0.251046700403094 8.26107410803736
0.94340898655355 15.666947884986
-1.83347653970122 3.24011765891913
-2.74163770675659 7.27436208360804
-3.0859658382833 9.61081307828089
0.0614629052579403 10.429969502289
0.384258300065994 12.6241013902118
-2.87483048439026 8.15473338167465
-2.64184759929776 6.64558749017121
2.09588258527219 16.0569649317322
0.2191595248878 11.5218653000648
2.88791486062109 11.7567601611143
1.38843990303576 16.8839336449013
-3.89567176252604 14.7923240359396
1.54559121094644 16.9977765751879
3.13370985724032 10.0551790029856
1.05480140261352 16.0886157976514
-3.14164276048541 10.0003507482692
3.36852163076401 8.42509588975401
1.40289904922247 16.9015683192064
-2.81125029921532 7.72943176206682
1.96273473836482 16.4691925273631
3.5407908950001 7.27924175936693
-0.633732995018363 5.85490093934944
-1.61821537464857 3.00786850677714
-1.92458663880825 3.43353605010926
-2.21694946475327 4.41115820254949
0.525234747678041 13.5099128655356
2.05320106260478 16.2011733160596
1.35682836733758 16.8403723994968
0.372182354331017 12.5455446649029
2.49170926213264 14.2356550001499
2.07333441637456 16.1345403810991
-3.83945227041841 14.4980541023868
-0.952770398929715 4.29483287211862
-3.59295909106731 13.0533687262563
2.38322349824011 14.8141690419049
3.38959370553493 8.28173337540603
0.340786963701248 12.3396023174926
2.81891680136323 12.2197381158066
0.66850290633738 14.3386828598523
1.34658914804459 16.82479478908
0.090516772121191 10.6327525244625
2.10200471431017 16.0353689238488
3.22689830325544 9.40358442497974
2.56379609741271 13.8232565661609
-3.42854520305991 11.9812149070487
-3.9688292555511 15.152445239029
-3.58241107314825 12.9867585215348
2.93248143792152 11.4531339135071
0.609961351379752 14.0098504698536
-1.48925942368805 3.02325604433965
3.67572627030313 6.43633131932254
0.729550056159496 14.6657399661521
0.251274686306715 11.7404717212565
-0.928506627678871 4.39491618963698
-1.44357416406274 3.05657280879207
2.46709004230797 14.3715624723093
-3.66464401222765 13.496680936792
-1.09005844220519 3.79342240879967
2.8527757357806 11.9937284078912
1.58357262797654 16.9994286892199
1.4758917838335 16.9684996010291
-1.21587957814336 3.43627203944366
0.43745463527739 12.9654461534706
-2.90205105952919 8.33919865940328
2.27945245057344 15.3146602238109
3.09490057267249 10.3267258176466
-2.36723293364048 5.10519048309728
2.16498369164765 15.8002260012135
0.770903686061502 14.8774860410899
3.66135793924332 6.52326495816945
-2.73049281910062 7.20267562535318
0.207794193178415 11.4441143303496
2.98521094024181 11.0902157014759
2.95764856226742 11.2803597818155
-3.81049085408449 14.3408539717261
3.80711754783988 5.67769532939492
-0.0782064143568277 9.45311297989752
-0.886637415736914 4.57534364834529
-0.65956032089889 5.71061385246943
-3.25659343600273 10.8032322594699
-2.7055263184011 7.04335967675943
-0.756668038666248 5.19448250118708
-1.26548444665968 3.32372724507771
-0.677940374240279 5.60966872137088
-1.56758024729788 3.00003620105446
0.482244299724698 13.2463808535788
-2.75300679542124 7.3478394202776
3.65263811312616 6.57637420700217
-3.64826699718833 13.3969047298131
-1.02273805812001 4.02523517290219
3.70092273131013 6.28567061416417
1.16342012584209 16.4271447486127
-3.50989908538759 12.5202516792982
-0.720432572066784 5.38203125700512
-0.592758927494287 6.08944014630842
0.0652646776288748 10.4565284867553
-0.403200713917613 7.25344923284687
0.986091068014503 15.8371236391357
-2.88017655164003 8.19085839720344
3.26357120648026 9.14826592739415
0.555546198040247 13.691852048731
0.386244591325521 12.6369863160731
-3.06537901982665 9.46702088332086
2.09622665867209 16.0557572150158
-0.173044426366687 8.79472529546759
2.25575131736696 15.4211326579048
-3.6317876111716 13.2955852769466
2.55875734239817 13.8527535392437
-1.84473242051899 3.26100512633068
-1.73719668388367 3.09668836574288
1.14577247574925 16.3772022888918
3.5849507022649 6.99717319448335
-3.94401236437261 15.0332787255273
-1.18705862388015 3.5090976703852
-0.647634200751781 5.77689062402093
-0.336985623463988 7.68549365344823
1.69354063458741 16.9473345941476
3.35878446139395 8.49158218973722
1.01688560470939 15.9533174654858
3.21745422668755 9.46947818709463
2.05863327346742 16.183441478068
-2.89713307470083 8.30577595307774
-2.77396097593009 7.48415542255143
-2.469502504915 5.64163946757916
-0.534518875181675 6.4340104130681
-3.30224558524787 11.1197393518866
-2.20975999161601 4.38100044812484
0.57718943618238 13.8196959061487
-0.798646572977304 4.98511255259527
0.523723045364022 13.5007533183911
2.63699102960527 13.3842112739558
1.13691055588424 16.3513731889124
-0.868009986355901 4.65869052429074
1.67663883790374 16.9608273601798
-3.1294074151665 9.91470544183
-1.8110181260854 3.20100339919716
0.750935461372137 14.7762604984489
-2.71852149255574 7.12606061824263
2.82744191028178 12.1630622258814
2.78191326186061 12.46381911239
-0.176905499771237 8.76811048404066
2.18953697942197 15.702266753292
-1.63679935596883 3.01524186500012
-3.47497510537505 12.2906877785664
-0.475735001266003 6.79405631595835
-0.303209137171507 7.9099086013427
-1.27252503857017 3.30907848546677
-2.51887745037675 5.91729996996997
0.0559818148612976 10.3916680503025
-3.84647175483406 14.5355922283761
2.1894883159548 15.7024643235361
0.47732063382864 13.2158065564711
1.13170111365616 16.3359567408653
-0.252543050795794 8.25092994922832
-1.76620951481164 3.13322733341954
-0.310267437249422 7.86280679498905
2.3419067338109 15.0199606360646
0.684524610638618 14.4261335262447
-0.841928113251925 4.77849924739745
2.48989879712462 14.2457379201665
-1.45149524882436 3.04975556000524
0.651578705757856 14.2450970319382
-0.35608833655715 7.55972556109341
-1.84957240149379 3.27024930051302
0.441417638212442 12.990551530135
-2.15015292540193 4.14229446714669
0.345863183960319 12.3730621067312
-0.419438870623708 7.14926380495273
-2.95769490487874 8.71995914521787
0.97380786202848 15.7892261729309
0.383954266086221 12.6221282291663
-2.80604629032314 7.69500421684588
0.476366953924298 13.2098754918528
-0.584915388375521 6.13509812966179
-0.418159212917089 7.15744727415802
2.66635817289352 13.2028286960676
1.75669826194644 16.8793896010365
-0.344905955716968 7.63324278909701
0.170114103704691 11.1850636478702
-2.0603433791548 3.82217844115502
-3.39311332255602 11.7421394737931
-0.86963927000761 4.65132604682157
-3.89513427205384 14.7895808975006
2.93999574892223 11.4016390479618
3.94092538952827 4.9817626927898
1.6708431057632 16.9649964585959
2.61372392252088 13.5258532438543
3.13517015613616 10.0449571731049
0.315285861492157 12.1706177824584
0.442508734762669 12.9974553297963
-1.78848093003035 3.16519915215963
1.27358340658247 16.6930949121298
-2.05251806043088 3.79661016578936
-1.69387036189437 3.05294837770397
1.7262476682663 16.9155922640137
1.82026906497777 16.7832991357913
-2.61565569043159 6.48583507159333
-1.54950992949307 3.00158582760434
-1.04074178636074 3.96054351943489
-3.37822756543756 11.6410285418495
1.70520151033998 16.9368684870644
0.40738183259964 12.7734475208598
-2.91307682916522 8.41427473235705
3.79330955259502 5.75413383994127
0.495705271139741 13.3295650472861
2.3072750531137 15.1858682948276
2.79131267406046 12.4021255939968
3.02433419786394 10.8189295238982
2.40381099097431 14.7085365702822
1.12118789181113 16.3043214542354
1.03142208606005 16.0062116714227
-1.82872796244919 3.23156247217513
-3.76048139669001 14.0609126174059
-0.641086280345917 5.81353527208878
-1.1565226316452 3.59213757469701
-0.861349968239665 4.68894150644305
-2.62450534105301 6.53954756630104
-1.44286304526031 3.05720614788381
-0.691559486091137 5.53582591402261
2.07468557357788 16.1299792757232
-1.82487835921347 3.22473891260779
-3.07534034363925 9.53657302933598
-3.76530708000064 14.0883796587516
2.45484238304198 14.4381923921598
-0.158988507464528 8.8917631342081
2.44998352229595 14.464441755834
-3.36795454658568 11.5710360405929
-3.07730072364211 9.55026646518938
-2.96466968394816 8.76799010370317
1.90998833626509 16.6011666852126
2.05678826756775 16.1894844400733
3.93964246846735 4.98802785601217
0.996423898264766 15.8767340263868
-1.69047913141549 3.05007409352709
-2.40070580504835 5.27540210700114
2.40734278969467 14.6902134509102
1.82210168242455 16.7801205231249
-2.26361620239913 4.61386403255866
1.95390804298222 16.4925415953112
2.93322966620326 11.4480100061069
0.235246051102877 11.6315758668157
0.78910837508738 14.9680779688335
3.50105865858495 7.53757906808965
3.60579278692603 6.8660459599949
1.28425841033459 16.714596848863
-3.42170735262334 11.9352611521319
2.61065262928605 13.5444092414147
-0.163647376000881 8.85957450400421
-0.87016973271966 4.6489313807491
-1.60701779462397 3.00459147952825
-2.04553400352597 3.77411136921587
-0.625518945977092 5.90137371870344
3.50216141529381 7.53035465021972
-1.88411906734109 3.34079721279665
0.54855003207922 13.6501538269322
-2.38252345845103 5.18227473880064
-2.45755498483777 5.57650770278982
1.74889396131039 16.889277444014
-1.49185683578253 3.02179872802202
-2.89287898130715 8.27689808791319
-3.53575441800058 12.688240555975
3.4487971290946 7.88323376744347
0.546704096719623 13.6391218967707
-3.05783711560071 9.41439646200793
0.518355851992965 13.4681685060622
0.322049463167787 12.2155792515117
2.55746014788747 13.8603315391391
1.6238360311836 16.9901560722321
0.541986988857388 13.6108746323178
1.77047413028777 16.8609137627376
2.01955370791256 16.30690832386
-0.948619225993752 4.31171910273891
-1.69591774977744 3.05472234924003
0.253466617316008 11.7553292016875
-1.92283142916858 3.42928944859307
2.65432254225016 13.2775082695443
-0.757088921964169 5.19234067630938
-3.41894459538162 11.9166682630534
3.63006899692118 6.71503320956951
-2.26252973638475 4.60900965953599
-0.754997866228223 5.20299019716559
1.00534652359784 15.910433782721
1.02723843045533 15.9911180977146
-1.37409068644047 3.13498977343295
-2.88872406445444 8.24872355580942
3.3172573633492 8.77666140504415
0.792927738279104 14.9868762992914
1.99685676768422 16.3742068528049
3.35163796134293 8.54047051589243
0.230123167857528 11.5966821234662
-1.02417003177106 4.02001858310757
-3.47353343106806 12.2811493225026
2.83495938964188 12.1129546048274
0.0832904111593962 10.5823590002917
-2.32001553103328 4.87445393491723
-0.993252506479621 4.13535680503277
-2.34107600152493 4.97598834928738
-0.32607346214354 7.75771891791946
-2.06798199936748 3.8475015840569
-3.05047742091119 9.36307551523685
-3.42024680227041 11.9254337265891
1.52791879884899 16.9935662973684
-1.70433904603124 3.06232509616075
-2.80470003560185 7.68610808455335
3.77945607341826 5.8316376362139
-0.715884877368808 5.40600272602465
-0.785489166155457 5.0498021115194
1.18845078907907 16.4945445171508
3.33044591732323 8.6858713017548
-2.26670288853347 4.62769013875919
0.383990975096822 12.6223664811621
1.76040366292 16.8745482223303
-0.822031958028674 4.87228605034815
-3.24798885919154 10.7433690761682
1.07917124032974 16.1709682027484
-3.98016951791942 15.2058473324692
-2.31581408157945 4.85446894484562
1.43218247592449 16.9328593068881
2.92951304279268 11.4734535988107
2.39757692441344 14.7407356961412
-2.92002881318331 8.46171147569684
-0.900013938546181 4.51665098276553
2.30777543224394 15.1835149712668
1.54330933280289 16.9973557945532
0.754183771088719 14.792858029084
-3.00913878902793 9.07553164066046
0.440624821931124 12.985532833967
-0.404708897694945 7.24374166402564
2.12933222949505 15.9362233765372
-3.79121822677553 14.2342180174017
-2.43862854503095 5.47462649584711
3.04987651854753 10.6411132377517
-3.12158725224435 9.85997153129226
3.74840742349625 6.00822346358095
-0.918411256745458 4.43753313435841
2.86873125843704 11.8864164924838
3.09907803684473 10.2975126729845
-0.0872680116444826 9.38989899871584
1.74473447166383 16.8943760293243
-0.106355419382453 9.25691481353709
3.90967088751495 5.13671991659498
-3.4819909632206 12.3370380175779
-2.73869777657092 7.25541854383539
2.28278894722462 15.2994305980699
0.337506318464875 12.317945894532
-0.667621238157153 5.66616205241162
3.99106119200587 4.74349319641961
-1.95461506396532 3.50931006000162
0.063005369156599 10.4407458459155
-3.36823057942092 11.5729189181364
2.50934691540897 14.1367052231087
-0.942566718906164 4.33651518907248
2.41746166348457 14.6373931726402
-2.4166109059006 5.35814753503838
3.57119816169143 7.08441466736204
-1.23462020605803 3.39183910989276
0.176401978358626 11.2284197193067
-3.10649594850838 9.7543734979269
3.08779880963266 10.3763753219816
3.63403978571296 6.69051436643866
-3.6769538950175 13.5710623957669
-0.0510704908519983 9.64266194587216
-2.191490361467 4.30567498507864
2.87040271423757 11.8751465354607
0.247485870495439 11.7147704602917
-3.96289479359984 15.1242349000619
-1.77951935864985 3.15192580275858
-1.39837485551834 3.10379454670891
0.70965021289885 14.5609792616392
-2.00252239406109 3.64228605740845
-3.65506175346673 13.4384135880853
-3.11456969939172 9.81086234189038
1.63003049604595 16.9877231864303
3.51216991059482 7.46492505076425
-1.51064785569906 3.01265861791961
-3.37205655872822 11.5990043148202
-1.42604726925492 3.07320506198502
0.999244295060635 15.8874370481336
-0.478065203875303 6.77956489433007
2.41076240502298 14.6724165954995
-1.76572955958545 3.13257576770407
0.565705547109246 13.7520810582021
-3.66297590360045 13.486560510931
-2.47426035627723 5.66775056318848
1.8166917655617 16.789438192125
2.61352040246129 13.5270838928034
0.0857686027884483 10.5996443987279
0.541809326037765 13.6098091673226
-3.99075344204903 15.2550839262474
-2.84977517463267 7.9861466204008
2.92773666419089 11.485607323076
-3.33951151557267 11.3764047375484
-2.04343454353511 3.76740737736328
3.85234525986016 5.43316966013703
0.620650235563517 14.0709497526898
-2.01018908433616 3.66492898554945
0.919631630182266 15.5676488014044
-3.74594143405557 13.977584283831
-2.82861164584756 7.84472666616947
1.6245837919414 16.989876621084
-3.47551433183253 12.2942542052071
0.974456498399377 15.7917773913851
3.49861892312765 7.55357297576472
-3.29684308171272 11.0823926422451
3.78242807462811 5.81494275611122
-3.79191431589425 14.2380971120075
1.80182361602783 16.8140217769749
-0.370348867028952 7.46641532243442
0.529459239915013 13.5354668698189
2.98184837028384 11.1134602563758
0.436505436897278 12.9594261126086
1.90121765807271 16.6213401106893
0.985033296048641 15.8330334868465
-1.51177275367081 3.01218969817421
-0.862428123131394 4.68402831932522
-2.38330035656691 5.18622154404105
2.82224311679602 12.1976433597946
0.854641206562519 15.2803479447306
2.04878411069512 16.2154562814199
0.500134469941258 13.3568047992141
-1.79280789755285 3.1718045640147
1.88446722924709 16.6584512071986
0.394238350912929 12.6887355443913
-1.23098364844918 3.4002801716101
0.119725078344345 10.8360748072208
2.52614358067513 14.0412767845023
0.210180554538965 11.4604553905771
-2.37567960098386 5.14763241111099
2.7848614435643 12.4444917458318
-1.0360462795943 3.97722772983331
-1.57339863292873 3.00002370197687
2.16477637551725 15.8010383171937
1.86758843995631 16.6939569719554
2.71124798618257 12.9202884797099
0.552390739321709 13.6730672799998
-3.78975329361856 14.2260476869956
-0.110982174053788 9.22471860065616
0.34144826233387 12.3439646859804
2.69328093528748 13.034112946066
1.82931630499661 16.7673858307652
0.440910454839468 12.9873411676215
-3.4126848205924 11.8744871331775
-2.90798160620034 8.37955610489864
1.47686957009137 16.9691448695921
-3.2030245102942 10.429752572599
-2.36971275880933 5.11761477003332
-1.0721588935703 3.85235502559323
2.76956606097519 12.5445289505547
-2.10501923598349 3.97534806406347
1.6390228047967 16.9837143356989
-3.13912935368717 9.98275691811969
2.23255094885826 15.5224065933386
-1.95915453322232 3.52127597246395
0.384346608072519 12.6246744580647
-3.72878783382475 13.8781973907587
2.44887580908835 14.4704113014586
-1.29797754250467 3.25889352903275
3.33028686419129 8.68696489472227
-1.1431486569345 3.63039303835852
3.80292010493577 5.70084508594855
-0.92497181892395 4.40977338225306
-0.0906117185950279 9.36658557394785
-0.0737901497632265 9.48393757479542
-3.90196300670505 14.8243289019262
1.13178560510278 16.3362081516801
0.100599773228168 10.7030112286041
-1.43718305416405 3.06239087081634
0.651465261355042 14.2444655853552
0.938755266368389 15.6477634220325
-0.493803698569536 6.68214977355377
-2.63704815506935 6.61613877184558
1.720643972978 16.9215568375121
1.98229238949716 16.4156641649752
2.75131766498089 12.663099181407
0.278072375804186 11.9215180779406
-1.58211790770292 3.00044861888794
-0.347854543477297 7.61382854442057
-0.925259724259377 4.40856066886728
-2.00762516260147 3.65731514995302
1.23701395839453 16.6136695041204
3.64258961379528 6.63789849434974
-1.67133634164929 3.03534923928826
1.20151269249618 16.5281030867543
0.29087944701314 12.0075638739016
0.779614932835102 14.9210393232464
-3.80081384442747 14.2875098903455
-3.96126608364284 15.1164609845985
-2.94897396489978 8.65999134491691
-3.80146316997707 14.2911018905006
-3.26296438463032 10.8475177245987
-0.195534206926823 8.63996587175103
-2.4267459101975 5.41148819821343
2.51739158853889 14.0911442564851
-2.04752617515624 3.78049814285928
-0.0895388964563608 9.37406488372524
1.19105983711779 16.5013364129411
-2.73026823997498 7.20123462262747
2.69582328759134 13.0180653355231
-0.507227761670947 6.59970857181614
-2.13203579932451 4.0738275123383
-1.60915206372738 3.00514843771589
-2.7246293053031 7.16509909062742
0.684536833316088 14.4261998099595
-2.80977618321776 7.71967334483933
-2.56752352230251 6.19862635877907
-1.28622796013951 3.28151955867914
-2.52878448925912 5.97383166745771
-0.755667822435498 5.19957589682509
0.908476946875453 15.5199763987746
1.48537067510188 16.9744741317884
2.58820480108261 13.6790071581555
-1.00814308971167 4.07910062712631
3.62272803671658 6.76049830271194
-3.84934272803366 14.5508810539581
0.898999778553843 15.4789333919099
-0.291409889236093 7.98887929276255
-1.1621630359441 3.57634675615678
3.0593842305243 10.5748110002776
-3.39357713237405 11.7452837988574
3.06632953323424 10.5263445974662
-2.494225313887 5.7783805510633
-2.27946602553129 4.68540162009073
2.95625833235681 11.2899259779088
-3.51329554989934 12.542417945743
-2.12080319412053 4.032353471968
3.94412410259247 4.9661777237988
1.42558182217181 16.9263242216964
-0.516105595976114 6.54552282035839
-0.981520464643836 4.18059659706233
-0.310527805238962 7.86107131596686
2.41481497325003 14.6512549080669
1.3037358019501 16.751855473531
-0.271970687434077 8.11958853900097
-3.57392450794578 12.9329247001239
-2.10241665318608 3.96609233540844
-2.13408209942281 4.08146371565598
-2.15477119386196 4.1600559215888
-3.50618980824947 12.4960107068328
-0.0230511259287596 9.8386564078226
-2.04699929058552 3.77880658305489
2.06548431143165 16.1608181892108
0.378421420231462 12.5861782566583
3.5845351703465 6.9998009507607
-3.31062246114016 11.1775824388598
3.58306067995727 7.00912956559312
1.77919094450772 16.8485501846668
3.37603683769703 8.37388312546994
0.910727549344301 15.5296504271046
-2.71226798929274 7.08620204727352
-2.53647446259856 6.01798500762967
1.84146849624813 16.7451397295375
0.716205203905702 14.5956888715698
-1.50014109909534 3.0174652965925
2.1823551915586 15.7312779958901
-1.30961438268423 3.23740186160889
2.84541352838278 12.0430748609131
0.64422794803977 14.2040691900019
-0.674218788743019 5.62998939667447
3.46058228239417 7.80474875935329
-0.298409268260002 7.94199895468669
-3.20522936061025 10.4451563540081
-0.276405094191432 8.08970723443068
3.87267086096108 5.32629110172755
3.40218292735517 8.1964434079331
-0.516809891909361 6.54123575936975
2.9577657263726 11.2795534602569
-1.59716662578285 3.00243373330224
2.38378104940057 14.8113349804747
2.40408569574356 14.7071134939717
-0.904594430699944 4.49677796818836
-0.947282439097762 4.3171777925396
1.16412491351366 16.4290978182974
2.89333963394165 11.719976381348
1.25306136719882 16.6496184192288
0.130608588457108 10.9116630018897
-2.80974733270705 7.71948240834294
0.902127223089337 15.4925320758018
-3.66426544822752 13.4943850390341
-0.0131280589848757 9.90810622674529
1.91606577299535 16.5868900484541
2.03119823522866 16.2711179907049
-3.49525007046759 12.4243182879483
-0.460144532844424 6.89145672058984
0.00537359341979027 10.0376149729127
-1.83805519714952 3.24851105920122
0.79041719250381 14.9745279470619
1.8867010101676 16.6536099283612
1.70862249471247 16.9336189973299
-3.06805650517344 9.48571076242944
0.60096494667232 13.9580703067576
2.38505589775741 14.8048492419442
-2.14540962688625 4.12418221626048
1.79884660430253 16.8187632588135
2.70418558269739 12.9651445524219
-3.04929143376648 9.35480849243402
3.6716031730175 6.46120307810563
1.98211667500436 16.4161560430793
2.48711583018303 14.2612097910719
-2.48065821267664 5.70301650326699
-3.79224978014827 14.2399658198857
2.91025833785534 11.6049354901668
3.3534389231354 8.52814323443858
-2.89897609688342 8.31829640496116
-0.178811024874449 8.75498222964243
-0.296307997778058 7.95606232705014
1.60142888873816 16.9967160183276
-3.47540079057217 12.2935033023311
1.86431994661689 16.7006123936282
-0.832547277212143 4.82246350427222
-0.308097241446376 7.877277828779
1.80239490605891 16.813104976569
-0.239978823810816 8.33622560004014
3.99619182012975 4.71984525168168
2.76748633384705 12.5580856464899
2.62565843015909 13.4534337728445
2.09315475448966 16.066514379823
-3.10314806550741 9.73095416919728
2.71181615442038 12.9166734619329
2.51080419309437 14.1284717076329
3.93129755370319 5.02898124227677
-3.61348380148411 13.1820009340332
1.97430329956114 16.4378275730142
-0.645491827279329 5.78886030605478
0.65715117752552 14.2760467360231
2.64587249793112 13.329656697364
-3.89175498113036 14.7723026700768
-3.9078258946538 14.8539827703496
3.97156565822661 4.83460793372616
2.12551733665168 15.9503319342495
-1.4826991148293 3.02714635165954
2.49609395489097 14.2111781162667
3.9297537393868 5.03659567347244
-2.39392325654626 5.24047856133612
1.16829776205122 16.4405959314512
-0.499594168737531 6.64651455913843
3.50422609224916 7.51683654944908
3.90402644313872 5.16521549074211
-0.349443512037396 7.60337496653135
-2.15508045442402 4.16124976445286
1.56391414813697 16.9998342253135
0.453058756887913 13.0640242067901
0.677680715918541 14.3889154571057
-0.530950024724007 6.45553039302236
-0.590599577873945 6.10198604432805
0.774835163727403 14.8971881233858
-0.383315321058035 7.38201927283454
3.65286926925182 6.57496294340567
2.75544280000031 12.6363719951939
-2.21785117872059 4.41496105115526
-0.638638583943248 5.82727968446755
-0.640136515721679 5.81886545865074
-3.83367320895195 14.4669829638296
-0.956416243687272 4.28008330610783
-0.62121257930994 5.92584862282472
-2.46859149262309 5.6366510667303
1.64263425394893 16.981945359312
-3.8918361980468 14.7727185700216
1.84962484613061 16.7296496685264
-0.538207216188312 6.41181763998294
1.84992074407637 16.7290792948099
-3.88846758008003 14.7554419764286
-3.63749353215098 13.3307694234173
-0.652684988453984 5.74874811726968
1.15072001703084 16.3914047508488
-2.24164971522987 4.5169599321243
2.66754122264683 13.1954628019605
1.55813850834966 16.9994392361999
3.19299588166177 9.64033584194874
-0.68607771769166 5.56544925668085
-0.711962373927236 5.4267550680619
-1.99988008476794 3.6345687415736
-1.00986368767917 4.07268463692992
-2.14485813863575 4.12208493334211
3.4528253171593 7.85637382102822
-0.189241958782077 8.68319891230182
-3.61867997609079 13.2143558317276
2.18824844807386 15.7074935432358
-1.35106136463583 3.16831322086551
0.423011764883995 12.8735602613754
1.41064423136413 16.9104212826998
-1.78132503293455 3.15455605195949
-3.57715457305312 12.9534394591549
-0.593931330367923 6.08263607785127
0.880947856232524 15.3993972218454
3.80836828052998 5.67081199077206
3.75840096175671 5.95095810621994
-3.29212354123592 11.0497412641808
-0.0129597019404173 9.90928462579993
-0.834485057741404 4.81334443004533
-0.877344567328691 4.61669023908138
-1.45200407318771 3.04933254392846
1.46060043387115 16.9575420186543
-1.72308073937893 3.08101016061187
-0.879242286086082 4.60820884416047
3.92134848237038 5.07825930471568
2.33604585193098 15.0484667071437
-1.50075878761709 3.017161382326
2.53694184310734 13.9793238273499
-2.23272182233632 4.47832850199091
0.00859056226909161 10.0601331962614
-2.66422162950039 6.78388014097069
-3.04272644408047 9.30906341477454
3.18087974190712 9.7250611214118
-3.25028097070754 10.7593211610194
2.92046845331788 11.5352861238787
-1.7872682902962 3.16337092592113
-3.78173045814037 14.1811417769596
2.29907970689237 15.2242264587575
-1.13071760162711 3.66697310217667
-3.79917627386749 14.2784429986324
1.96874878369272 16.4529948948075
-3.7629953827709 14.0752336771115
-0.529081352055073 6.46681641557437
-1.94698533602059 3.48949976005339
-0.0158782321959734 9.88885704496025
1.22684184461832 16.5899997019339
-3.33074491471052 11.316184408306
-2.55622030608356 6.13243157738032
-3.16429998725653 10.1589376761918
2.49914387054741 14.1941046513649
1.02001953311265 15.9648277132702
1.04457988776267 16.0529952454354
-0.872881198301911 4.63671455397187
-0.54197140969336 6.38921879321766
-1.21092798188329 3.44839764016501
2.34846206940711 14.9878726443318
3.09548889659345 10.3226119822989
1.20901669375598 16.5468789617592
0.742906114086509 14.7350179459896
-1.37742324918509 3.13046870081699
-3.3944850564003 11.7514378382852
0.731097936630249 14.6738117101737
-2.57330589182675 6.23267783623837
1.9308009929955 16.5512662591985
-1.64899033494294 3.02138915853712
1.11348648555577 16.2807048124161
-3.00142082199454 9.02200715915688
-1.95787372998893 3.51788628053881
2.56459749862552 13.8185561809863
2.43024314381182 14.5699961574796
-3.63332295417786 13.3050631877255
3.00425377488136 10.9583527715434
-2.97592728026211 8.84563958267378
0.870651228353381 15.3532409297575
-0.243465013802052 8.31253175448825
0.458328684791923 13.0971493102032
1.84314227662981 16.7419975442678
-0.241130489856005 8.32839606580588
3.90888047218323 5.14070096319788
3.87734707631171 5.30197366890789
-0.853722551837564 4.7238758911431
0.870777100324631 15.3538086077764
-1.23613015934825 3.38835992399726
-0.50309950299561 6.62499689209588
-2.16694429330528 4.20746844383365
-3.95142201520503 15.0691865624898
-3.80898489430547 14.3325790175416
-3.52993257343769 12.650567281471
2.1166051607579 15.9829538786514
-0.24764795601368 8.28412953328245
2.80665504187346 12.3009717436707
0.653755124658346 14.2572006803377
-2.50489390082657 5.83819007091921
0.87248782813549 15.3615155137065
3.14673386514187 9.96401167767685
2.35456932708621 14.957785075211
0.0327426716685295 10.2291577505536
-0.615773810073733 5.95686736094888
1.23505030199885 16.6091534382672
3.10190811567008 10.2777188572045
3.13613176904619 10.0382260018133
-2.57287569716573 6.230140135451
-1.93998060189188 3.47164590131482
-3.09249196201563 9.65643324740239
2.37727166898549 14.8443290645607
-3.12369208969176 9.87470274446777
2.63257355801761 13.4112465324889
2.16837037540972 15.7869208607602
3.5495152361691 7.22307741485604
-0.264339251443744 8.17109930717794
3.51884518004954 7.4214268620009
2.28146353922784 15.3054875693795
2.99686300009489 11.0095744047906
-0.844298772513866 4.76746148811196
-3.20240671373904 10.4254360726092
-1.78430863656104 3.15895104510216
1.77777640894055 16.8505919003912
-1.14955856464803 3.61191528624669
-0.938304932788014 4.35409952732895
-3.74425079301 13.9678403320287
0.171562295407057 11.1950534156955
-3.03137671761215 9.23004949589494
3.08147341199219 10.4205812315598
-3.40282960794866 11.8079301464653
2.27382357418537 15.3402193555175
2.8330584205687 12.1256368709702
-3.70257463492453 13.7241255126873
-1.79885192401707 3.1812451600025
1.13655959255993 16.3503399836854
2.28062687627971 15.3093062306948
-0.799498304724693 4.98095473680137
3.48241863772273 7.66014024919446
-0.87586423382163 4.62331969315383
-0.608325542882085 5.99954065474306
-1.70862639136612 3.06638475025752
0.893987268209457 15.4570263887055
0.470501909032464 13.173336001453
-3.68026291951537 13.590965090888
1.96225557476282 16.4704730029056
-2.34810063429177 5.0103525556985
1.25196772068739 16.6472227366508
0.179317370057106 11.2485055142121
1.06749267876148 16.1319574577123
0.940505070611835 15.6549911739199
-1.7208356205374 3.07864356367549
-2.20954222045839 4.38009148540177
0.312154842540622 12.1497703884887
3.97097581811249 4.83739539593048
-1.36866770498455 3.14250973845551
-1.41331129334867 3.08662611452864
-3.71741185709834 13.8116545418211
0.204894820228219 11.4242492695763
0.774455320090055 14.8952878855076
1.93669327348471 16.5366225467339
3.62269703671336 6.76069066829038
-0.0830300971865654 9.41945690032237
-3.33370123617351 11.3365037743741
-1.92057600803673 3.42386234193001
2.99877300485969 10.9963423225565
2.81647309102118 12.2359546099061
2.74323731660843 12.7153208695543
3.57522939704359 7.05878400452727
1.22145307809114 16.5771839617718
-0.0947554782032967 9.33770377394359
-2.49794639460742 5.799187203188
1.70426448620856 16.9377443760272
-3.31944023445249 11.2383806144841
-0.310404755175114 7.86189148630233
3.48725845292211 7.62823781244921
2.76234934292734 12.5915235686309
1.72949373535812 16.9120378061876
-3.00954921357334 9.07837952533791
0.758619690313935 14.8154420368353
3.91882241144776 5.09084875642526
0.923267902806401 15.583039908016
-1.81537866406143 3.20833017036371
-3.49034525454044 12.3920803784859
-3.42157379537821 11.9343626730972
2.98808971233666 11.0703057087964
-1.09740002639592 3.76982492139357
3.56497719325125 7.12406051802884
0.466551519930363 13.1486633019642
0.101289207115769 10.707812698441
3.5821733083576 7.01474680881021
-3.12158723548055 9.8599714139691
2.55126040428877 13.8964595016151
-0.981263145804405 4.1815978408284
0.453128382563591 13.0644624085401
-1.48903050646186 3.02338673882685
-3.34125695750117 11.3883822056318
2.23950033821166 15.4923805870997
-2.45412217266858 5.55791013545816
1.24468374066055 16.631064170057
-0.518823573365808 6.52898791947354
-2.42281338758767 5.3907350174302
3.9572833776474 4.90260580466069
-0.426057068631053 7.10701492832417
-3.74858668632805 13.9928072837519
3.49613246507943 7.56988815986593
2.96787163428962 11.2099398450776
0.809970267117023 15.0698667129164
-1.60787634924054 3.00481169687667
2.47477020137012 14.3294455781298
3.61713908053935 6.79522981328888
2.81643177010119 12.2362287015514
-2.98152211308479 8.88428507989751
3.75105879828334 5.99299136469566
0.456808069720864 13.0875999921267
-3.95708442106843 15.0964395885314
-2.91388864256442 8.4198102189527
-3.9532231874764 15.0778732313553
2.53499249741435 13.9905423554546
2.25730870291591 15.4142292557126
3.44853028655052 7.88501429056089
-1.05048094131052 3.92636300583975
3.79563899338245 5.74118132268978
2.58994945511222 13.6686117275005
2.29959090612829 15.2218440344455
0.982606677338481 15.8236256776669
3.73883943073452 6.06342397670878
-0.000652074813842773 9.99543547662658
3.1495647970587 9.94419558683094
-0.791654024273157 5.01938465797099
-0.419667122885585 7.14780461156504
3.48623265698552 7.63499490038847
1.46665757894516 16.9620772151128
-3.85469495877624 14.579283103572
-2.67578625865281 6.85599599872181
-0.0333240088075399 9.76677510957473
-0.587718175724149 6.1187553912422
3.9364249650389 5.0037768438714
3.11160099133849 10.2099101634312
-1.23395702987909 3.39337194135651
1.64675300009549 16.9798167498314
3.26979749649763 9.10502252268167
1.41034309752285 16.9100848201474
1.11280217021704 16.2785882930876
-2.80316378362477 7.67596156312872
0.809003120288253 15.0651962731846
-1.81799011304975 3.21277988074002
-0.337173031643033 7.6842556214232
-2.22197525389493 4.43241157616227
-1.96062786504626 3.52518834243352
1.22950181737542 16.5962552148796
-0.224054710939527 8.44470639732162
-2.71229571476579 7.08637851352936
-1.82335732318461 3.22207048951945
1.703648744151 16.9383166280794
0.906829217448831 15.5128760390201
-2.94302427023649 8.61913766359639
-3.43994197435677 12.0575999546639
3.73012010380626 6.11404226958619
-1.05383777618408 3.91471520490665
1.41963267698884 16.9201756041844
2.76761384308338 12.5572547956508
-2.06679691746831 3.84354929979997
-3.71879207156599 13.8197544591329
0.761921893805265 14.832192608362
2.68952902406454 13.057759570979
-1.10200631804764 3.75519063310348
-1.34249173291028 3.18163943032306
1.15789064578712 16.4117110489456
3.66892109438777 6.47741450192119
0.769629027694464 14.8710820602918
0.0822401437908411 10.575032295173
-2.75788691267371 7.37948486331165
2.76680804416537 12.5625046861335
-2.2849565949291 4.71049537570389
1.35898595862091 16.8435634613299
0.94205160997808 15.6613649050431
-3.60000178404152 13.0976543020388
3.59519020467997 6.93258518213324
0.660416252911091 14.2941194478962
2.88763469643891 11.7586584767395
0.147737994790077 11.0304080271713
-1.87098013237119 3.3130249169163
0.779021307826042 14.9180832188704
2.36460867337883 14.9079246615542
1.51428830064833 16.9888269240238
-0.154946843162179 8.91970694346955
-0.272564889863133 8.11558234030413
0.947298681363463 15.6828885927507
-0.405835885554552 7.23649179067172
0.82166026160121 15.1259424103335
-3.96312820725143 15.1253478821632
3.95995610021055 4.88980148219215
-0.748300412669778 5.23724055099165
-3.05638690292835 9.40428117813015
2.95631276257336 11.2895514894194
0.321543652564287 12.2122203245586
3.05278134346008 10.6208622493734
-3.69968128763139 13.7069606982339
3.05147169716656 10.6299931079437
1.77879735827446 16.849119656261
2.15848237276077 15.8255809303878
2.90874967165291 11.6152130012271
0.00593682564795017 10.0415575354125
3.40691219456494 8.16447651039738
-2.33540263772011 4.94841537956893
-3.78315524943173 14.1891364428257
-1.47365542314947 3.03300127983185
1.2808979973197 16.7079106043097
-1.48246959410608 3.02728789325808
3.55569110251963 7.18344680219137
2.23176463879645 15.5257872097721
-1.28455002978444 3.28482648770122
-0.146829882636666 8.97587993476732
-0.672041609883308 5.64190535141914
2.21067119576037 15.6151933550158
-0.11658395268023 9.18575976114218
-3.87760716676712 14.6993758524087
1.13961036130786 16.3592950131902
-2.12136012129486 4.03439211122295
1.97620706446469 16.4325833690584
-1.63514100387692 3.0144858322072
3.24974553287029 9.24440489606779
2.82659214362502 12.1687186927015
-0.304289784282446 7.90269036296574
-3.42921401374042 11.9857047086687
0.622429795563221 14.0810770116665
0.636634672060609 14.161449246139
3.9486142154783 4.94438764527933
-1.31780468486249 3.22282439960106
1.3344141934067 16.8053411473407
3.50844801589847 7.48922728012365
0.598854679614305 13.9458778069171
1.5336913112551 16.9951818152136
-3.28193130344152 10.9791491019553
2.93167395703495 11.4586626731206
0.00911517441272736 10.0638053373212
-2.2139497268945 4.39853996203969
-0.700646067038178 5.48701815543399
3.09045023657382 10.3578408799025
-0.0352525021880865 9.75328359277311
1.38202982209623 16.8756551118703
-1.73996449634433 3.09992390142486
2.5364664234221 13.982061274135
-2.0312043633312 3.72890106877637
-1.04283044859767 3.95316479159912
-2.11580483987927 4.01413985811182
3.48605540767312 7.63616272335629
-0.679385373368859 5.60179508134217
-2.90040475688875 8.32800584665442
3.31491778418422 8.79278975933778
-1.21886899136007 3.42902937381484
2.82344700582325 12.1896406277877
-2.85891856998205 8.04752779983038
-1.12453703209758 3.68552486433914
-2.03595945984125 3.74376119204782
-3.63275242783129 13.3015421484484
2.27638321742415 15.3286176694585
-2.40662612393498 5.30606371848369
-0.865198045969009 4.67143403514599
-1.41150204278529 3.08862370345239
0.816847240552306 15.1029392412678
0.330173436552286 12.2694497128994
3.92658986151218 5.05223755786236
-1.96967160701752 3.54951121502696
1.88215914554894 16.6634186220775
3.82086528837681 5.60240905128754
0.464369934052229 13.1350168216002
-0.858334723860025 4.70271483168072
2.59751407429576 13.6234095698599
-3.10092431306839 9.71540008211806
0.286223232746124 11.9763179114951
-0.449347320944071 6.95935583020034
-1.80834229849279 3.1965713510719
-2.74113971367478 7.27115158653923
2.97470458969474 11.1628012060283
0.496358850970864 13.3335887107002
0.405518066138029 12.7614640431209
0.738922284916043 14.7144416304646
1.82250290177763 16.7794215830534
1.11140227690339 16.2742494038586
0.915601318702102 15.5505038542876
-3.58066519536078 12.975701138333
0.521262023597956 13.4858246510164
0.698731042444706 14.5027263158447
1.02853660099208 15.9958128027145
0.975125160068274 15.7944048226118
-3.34183966368437 11.3923798774891
-3.37885910272598 11.6453257791706
1.49675751850009 16.9808226548768
2.64242873899639 13.3508414600366
-2.83272099867463 7.87211282898099
2.26824057847261 15.3654030209483
-0.108399366959929 9.24268958657159
3.91412084363401 5.11436381419802
-0.0071603637188673 9.94987788227074
0.498084280639887 13.3442042059136
-0.973943835124373 4.21023881547941
0.149097578600049 11.0398204849605
-3.40572966262698 11.8275341323222
0.307778753340244 12.1205976249653
3.6884880065918 6.35973451492637
0.222481116652489 11.5445518501379
-0.502724384889007 6.62729759626825
-3.74186402745545 13.9540649898216
-3.69812655448914 13.6977243998246
-3.62121364846826 13.2301007673544
-2.71232771500945 7.08658219050079
-0.247220853343606 8.28702819699069
2.44739179871976 14.4784001411487
-1.75521987117827 3.11870512975029
2.03827188163996 16.2489611286744
0.174606518819928 11.2160445693526
-1.68842245452106 3.04836986205907
-3.86098238825798 14.6124802376936
1.34679623879492 16.8251169451452
-3.46419228240848 12.219232082581
2.69109141454101 13.0479177309063
-2.91725475341082 8.44277368409025
1.24702486768365 16.636296065456
2.70358183048666 12.9689723872435
-1.93881603144109 3.46870864316469
-2.91203771904111 8.40719091012306
2.1079073138535 16.014333118119
-2.30403013341129 4.79890212364547
-1.85624320618808 3.283248606427
0.254649557173252 11.7633439774404
-0.207065060734749 8.56088018632741
-1.01245068013668 4.06307095401795
2.20279942825437 15.6479203991446
0.465631760656834 13.142911752539
-2.75810703076422 7.3809137102483
3.91534758731723 5.10821777812705
-2.04442855715752 3.77057803739932
-2.95697190240026 8.71498379966722
-2.29855091683567 4.7733105720916
-0.959966013208032 4.26579546993605
-1.12303064949811 3.69008304884477
-1.57870360836387 3.0002188367161
-3.64480229094625 13.375678502545
3.47826682217419 7.68755132676026
0.549736239016056 13.657236436314
-2.23357803933322 4.4820143631014
3.02368940226734 10.8234119282994
-0.261689549311996 8.18900936602992
0.338798517361283 12.3264790384203
2.27518539130688 15.3340512152799
1.18296217918396 16.4801122530617
-2.84085482358932 7.92642498543982
-1.42690098285675 3.07234558415947
3.60844466090202 6.84945823118334
-2.49441207200289 5.77942342970934
2.00323398783803 16.3556280224031
-0.326732197776437 7.75335122868976
-2.8690796084702 8.11593185858871
-2.35845539160073 5.06145606392762
1.40234799683094 16.9009226684987
-2.89575831592083 8.29644036330581
-0.675650393590331 5.62216534076439
-0.390023745596409 7.33852735726743
0.98357255756855 15.8273744304387
-1.99060562066734 3.60783319712623
-0.286772290244699 8.01999534518517
-2.6759261675179 6.85687104998833
2.86245162785053 11.9287101737981
-2.74758482165635 7.31275437712207
-3.29334693029523 11.0582073579424
3.14734217524529 9.95975357015011
-1.59503593295813 3.00205635408567
2.01669336855412 16.3155691451691
-0.787146816030145 5.04160471479599
-0.411535151302814 7.19988256129202
