-0.00623348541557789 -2.98971688077761
2.50704487971961 3.16409496452181
-0.970171615481377 -3.69042400093149
-2.5841702055186 -1.21832365614402
-1.86718437075615 -2.9790694864641
-1.88309079408646 -8.52010165611294
2.60734280385077 2.25795508357119
-2.30756741762161 -5.23331680360063
0.327129228040576 4.74286948290101
1.23202125355601 2.77457834667057
2.8935843706131 -0.727347236862718
-2.03464275039732 -2.76221901354748
-3.29347451403737 2.62703562648715
3.94064637087286 -9.28803871327462
-1.40581020340323 -4.75872061340158
-2.21222233958542 -4.8369006679711
-0.79223520681262 -6.38143983448528
2.13775535486639 5.89339087078667
1.54673974215984 8.26978589439646
2.19163297116756 6.39887150622319
1.9476102348417 8.10023104995371
-2.41223574057221 -1.59082764877996
-0.682060550898314 -3.63253231935936
-2.74782803282142 -5.64694214974721
0.717503570020199 4.72569950820216
-2.9349473901093 -6.18774394221454
-3.01146464981139 -1.39366170291802
-1.0505453851074 -7.67199236429243
3.83170918747783 -6.30736212591883
0.520541962236166 2.25091898135222
-0.816287893801928 2.59527716830088
2.02347284182906 4.29556037673577
-0.312842914834619 -3.97772669317959
-0.272654140368104 -2.6471795343962
-1.10412976332009 -7.01950593055924
-3.34271672740579 8.19418431212666
-2.71736574172974 -2.93345675625357
2.06847022660077 5.85118840088067
2.46044336073101 3.47110446846524
-1.88730454072356 -4.40070294471161
-3.72275420092046 3.41892693075208
0.356500048190355 3.38301319405374
-1.00063226558268 -5.67494008768966
3.7188785225153 -6.94311200460962
0.39740164577961 1.08663993981513
0.900282306596637 5.48681434009124
-3.43266011588275 4.41504150088333
2.23268286883831 6.14522520381873
2.85883535631001 2.21422842612261
2.94143998064101 -0.218594221315724
-1.48128714039922 -5.11980177801107
-3.64822410978377 5.29067621877113
1.9619974642992 5.8275662014654
-2.98841541819274 0.476794021337265
-3.72352069802582 3.36422857534028
-0.287998426705599 -1.56269365683434
-0.877740928903222 -3.73389327658669
2.42549141682684 5.72123884103488
0.216014482080936 -0.00436628024020047
-1.59794473461807 -6.24102066666383
-3.2928219884634 0.00432587652339889
1.89806815981865 6.24735742115518
2.5686099678278 1.99074800299056
-2.74711648188531 -2.73839287556868
0.859134942293167 7.04573851743689
1.62965646199882 6.36295427040051
-0.301521252840757 -0.637377310044082
2.1621312033385 5.60572325809945
0.566062310710549 4.87223316376185
2.00326661206782 3.24713555535875
-0.171973988413811 0.221952401515611
3.06823188252747 -0.790126598933355
1.9892986677587 5.51972810478553
-1.55611157044768 -6.48063698456754
0.578103354200721 4.80812962508335
-0.212333673611283 -2.46565539357445
3.50440315715969 -4.54807297642716
0.294760476797819 0.645922162562057
-1.29197715595365 -9.26317593638123
-1.20083327963948 -4.27998146718067
2.47221776656806 5.10521120151265
2.37959723174572 4.80818463060918
0.44846854172647 0.963875793325315
-0.420426512137055 -1.13767553715342
3.87746172770858 -4.31863596190443
-1.52477039210498 -10.4443381340064
0.0881366692483425 -0.159173145817478
-0.596864020451903 -4.57196273170569
0.408489411696792 2.13195918764036
-2.42340429872274 -4.54604472808854
-1.10245346836746 -5.46157968443709
3.9479511026293 -2.66113789823531
-3.85240328498185 4.33998472801653
-3.63799801655114 2.07375728889936
-3.80641183257103 1.94341955517986
-2.47651859000325 -3.64852736351687
-0.432830842211843 -3.79116461685314
-3.30165405571461 2.33864930626545
0.293820140883327 0.286472199132945
0.694626050069928 3.89058567028478
-2.03988614305854 -8.7595507128807
-3.22896750085056 1.71991440345286
1.8475813344121 6.32474963958635
-0.688546434044838 1.14253767384425
3.30698875337839 -2.02776748565242
-2.97576775960624 -2.78096527974824
3.65325008891523 0.49869635429785
0.690235605463386 8.31395569138891
-3.88283689133823 7.79480449130244
2.43466226942837 5.186407766882
2.32788935676217 6.55938444782679
3.33356127887964 0.518203035231035
2.62472451105714 5.71360408395586
0.630562320351601 2.7962540054144
2.04651424475014 4.64087534855632
-3.1622774284333 2.32011674304611
2.96247856318951 -1.09950222027212
-1.59019855037332 -6.22089570350758
-0.468726089224219 -4.63128275328699
-2.36902256496251 -0.790398881071294
-0.906468261033297 -3.56209377413756
0.87607978656888 6.43300562948921
2.76781059987843 2.94836901019687
3.12039457261562 -1.4704971610526
-2.00540437363088 -7.3056131329521
0.538948288187385 3.78917937774142
2.51219903491437 4.56610984213187
-1.55726168863475 -6.34658268431349
-2.30906135961413 -10.3799984511164
0.771755231544375 5.58944721076385
-1.77166351675987 -5.68816229851809
-0.71963126771152 -2.40882650157921
-2.06282975152135 -3.04076132868259
-0.450943434610963 -1.29654119863272
2.49059578217566 6.27110573392424
2.44860099256039 3.62767761936218
-0.191021574661136 -2.42245083474513
3.70130973123014 -5.44661426729075
1.63808317109942 10.2519328698056
-0.72795607894659 -8.74875289807358
3.93000248447061 -4.45116710157781
-1.66712636686862 -6.88758320154766
-2.71931866370142 -1.9810802484648
1.88778325542808 8.33284521718858
3.26221619360149 -3.56476344558336
-0.690397715196013 -2.85968659775434
1.86885827220976 7.49513384115452
-3.11232921481133 -0.333917012394544
0.0491975247859955 -0.55962638729953
-3.18799947947264 1.10803462373186
-3.04994020052254 -2.14912530703101
-2.95802725479007 -0.478054590578226
3.98226131126285 -5.19815137233707
2.93415058776736 -1.87087214007495
-3.61119395121932 6.63485111189752
0.853293377906084 9.45681897218783
-2.22217901796103 -3.43884363901766
-0.451128970831633 -3.87871653290543
2.95920172333717 0.0915796549714403
2.74946293979883 4.85463492822208
-3.51913760043681 4.46133894796864
-0.206602426245809 0.757444347502194
1.36083452962339 6.31134872829105
2.99244046024978 3.34124884213111
-3.5311413872987 6.22669317283788
-1.16916347667575 -6.10930720923728
1.39824041165411 7.26734891027046
-0.557313624769449 -3.63146093538789
3.88199176639318 -7.07969153566009
3.62702175043523 -5.58269650733662
0.628798425197601 2.94893598280113
-3.54160593263805 3.6523580331796
1.4785243626684 7.49580386956422
1.0593217369169 8.54095627741522
2.1299502607435 4.15225979790706
-0.202160997316241 -1.62402713080902
-2.29563476331532 -6.18725997522452
0.598572311922908 4.34324994028025
-2.65262120775878 -2.03325566262813
2.19564883410931 9.06127094720164
-1.61911466345191 -3.66495365359497
2.18966367281973 9.40768212000727
1.11470171064138 7.52964638493917
0.226005900651217 5.17534262841858
-2.86551260389388 -4.11984163590389
3.1814397610724 0.0175091742188028
-0.241521632298827 1.22524539068818
-1.57400332763791 -7.58768933633858
2.30420926213264 6.15233322726031
0.848434127867222 6.77656226252339
-1.66542707756162 -7.39135101134901
-1.42278003320098 -4.41961707279259
-0.181221505627036 -0.17422905070146
-3.44818006642163 0.533300420665838
0.554861091077328 6.04490058444819
0.058208592236042 -2.05819802311966
-3.57137660495937 4.80234487411179
2.02367711625993 4.68999117375495
-0.526746531948447 -2.30091386543067
0.0483460240066051 1.22239837549744
-3.08706900849938 1.96862374156102
-3.10570940747857 0.583746491727608
-0.802557911723852 -3.33682962253071
-1.20334935933352 -7.95717527066917
1.5489981174469 6.81536035026028
0.374497963115573 4.67637157401198
1.87728179432452 4.99230988447668
2.56631801277399 1.76825861267864
-2.50492330268025 -4.48408862473223
-3.12601898238063 -0.352250590852396
-3.08541367016733 -0.388488531154024
3.56684973277152 1.74795080430517
3.69786364771426 -6.70297788112811
-3.2313909586519 -1.20817046744354
-3.77978874184191 2.52341527050075
-1.87733826600015 -3.78040528883311
-2.93177605606616 1.04239112375654
-0.518814669921994 -5.33788120220853
-1.01879635825753 -8.09653599854831
1.56545454636216 6.33814968387249
-0.231882942840457 -5.59672138639851
0.386244889348745 3.62213284605945
-1.88286364451051 -6.81723227645914
-3.95051144436002 1.63099287146889
-3.29621892422438 0.602247626769057
1.71565768495202 6.83652801088753
-0.299287239089608 -0.390840218393467
-0.53735351189971 -3.69236628381989
-3.20388406515121 -0.990037136754212
-0.937875650823116 -6.92660905260482
-1.52585685625672 -4.28914893649633
0.829738590866327 4.55783393786863
1.30950624868274 7.35901568193537
3.70342447981238 -2.91714905597456
2.78831580840051 3.30995281903604
2.27672550454736 2.32354385725333
2.91657865419984 2.93624111324796
-0.823175923898816 -2.7578833619339
2.54877549223602 8.02146817044868
-0.54972361959517 -6.29214459383493
-0.868106164038181 -7.62712017128124
-0.0270034391433001 0.692573891907157
-3.68363642320037 2.59816044099445
-3.11452637799084 2.31288422463522
-3.52672022208571 -0.395486255292991
0.364324688911438 3.23808953254348
2.02733708173037 7.05634561053724
-1.76189341954887 -5.10357954058121
-3.91107873059809 6.67625421340372
-0.962859021499753 -5.5217314026605
2.16685200110078 2.4826695142999
1.52769483625889 7.65377033769046
0.0640408713370562 1.20482364030536
0.315916113555431 -1.52048858953066
3.77759092859924 -1.90985320094055
-1.42388836480677 -6.70781481448907
-0.0339996386319399 -2.47074846758136
2.03197357803583 6.81514435861682
-3.87174685485661 6.58135752397677
1.49505983479321 8.14723790710306
2.36106085218489 4.11491556725025
1.17329914309084 11.1753539894469
2.90485483407974 1.26859656740253
2.95898033119738 1.93610930564696
-1.27346250414848 -5.73788505395186
-1.50733453407884 -5.09393171643857
-0.927999181672931 -3.91005102500248
-3.47111599519849 2.22663442403915
1.25497744977474 6.38962166956701
1.69511710107327 4.78631258192426
0.806474016979337 5.88572972424315
3.43024003505707 -0.565436708830696
-0.045795813202858 -1.16237153021472
1.47185452096164 8.67196933595786
0.17625617235899 1.35216872775945
-0.930169833824039 -4.56335289775734
3.81058610789478 -5.82554533758648
2.59209818392992 5.79873983334338
2.91224044561386 -0.989309708758193
-3.24698054976761 4.93271678604636
3.83759876899421 -4.84518331756511
2.24193826504052 2.67242599649397
-1.25597989931703 -8.74490919323375
1.40233767777681 2.89956598084304
-1.27770202606916 -7.1099504777745
-1.46825775131583 -6.58495511723037
-0.97457161732018 -7.07977899527427
0.975543200969696 5.45799794904046
2.11706025153399 3.37673227244386
-1.0762988012284 -4.1270768487739
3.70198322273791 -4.05278693525904
3.18863628618419 0.241619503958542
1.30992191657424 11.0075020862057
2.08326910622418 8.05278490468255
-0.997892441228032 -8.25681203816795
1.15116734057665 8.64212063076251
0.968439558520913 2.42994038525891
3.96482002921402 0.605248446812856
-1.0519854426384 -3.12864940040953
2.24898525886238 2.33186396844217
-0.604618931189179 -5.66056701609021
-0.755607411265373 -1.6958564454286
-2.67056159488857 -5.49693695119232
0.110708413645625 5.57230581976377
0.453510830178857 5.7180861828286
1.50943003967404 8.65874539234601
-1.30176365748048 -7.65302273503838
-0.102582545951009 2.62759113057114
-2.76203471049666 -2.23023732914273
-2.75102485902607 -0.500393195462091
0.0371157880872488 -0.888927995093501
2.43558044545352 6.16763780421318
1.4788053650409 5.02559267708602
1.22643227688968 5.51702425159845
-0.502245901152492 -3.73035428072759
1.18832208402455 8.89932142289837
-0.799550974741578 -4.65403321596019
-0.201563818380237 -2.30726274331739
-0.744757477194071 -6.83462111826695
-3.36935384385288 0.10604087789316
2.70763575471938 3.57167376156219
-1.5563133135438 -6.28259276610175
2.12634465843439 5.37726168522707
-2.05205036886036 -7.54964964022355
-0.0840488970279694 -4.73103562366156
3.12802511639893 0.851189390270245
-2.54549011774361 -4.67504199176785
2.01280902139843 6.23627489602106
0.165673298761249 0.879203049690505
3.86310031451285 -8.71495568730618
-3.18137455359101 0.102130182797093
0.765296205878258 8.45577078422228
2.90968730673194 5.30767153655164
-1.49066224880517 -9.98166402338245
1.15398154780269 6.46171525592332
1.34636748023331 2.66586494031329
3.4529191441834 -3.32783459787126
2.09390027821064 9.5392250238242
2.89939548447728 3.34325846090297
-0.752751104533672 -5.47200348276262
1.41555797308683 6.12524436136639
-0.0246668588370085 -0.336381174883137
-1.43230156041682 -9.29921824357863
-2.12903802469373 -5.73680528871635
-0.374058973044157 -4.24020825175977
-1.8746529314667 -9.38854560898025
-3.06546783819795 -2.18086441059993
-3.38808105513453 3.79897816787584
-0.632706791162491 -6.2454411771883
-1.62966228462756 -8.90280974600797
3.02110892161727 -3.80765070797121
-1.84907258115709 -5.64670498822368
0.533339306712151 3.73342979679073
-2.18874375149608 -6.47928913005663
0.513270881026983 5.25164087960626
1.92894491925836 6.59676641565017
-1.34355686791241 -5.6698273391764
-2.83742886036634 -2.93752722565889
3.25898678041995 -2.08933935232199
3.48040258511901 -0.120988703115618
1.60656718537211 8.6624569496584
-0.0914703868329525 1.18818769747633
-2.41947309486568 -3.79395275331816
-3.04408515244722 -0.925944398606078
0.908076845109463 3.78083896478483
-1.92059713602066 -2.61895108536998
2.92784447781742 1.79354388059137
3.36575937271118 -2.24399205115275
-0.82190334238112 -1.58628115353641
1.20123652368784 9.90021341128483
0.128348372876644 -0.436253887657145
1.29124443046749 6.72306625834718
-1.0864074472338 -6.76671841097525
-3.51119780167937 4.44202094485189
3.2058340292424 -1.07548549006168
-0.120527824386954 -0.296359389893881
0.378079811111093 2.66686027140947
3.98783318698406 -5.25132112556068
3.96579695679247 -7.09049182637359
-0.49647968634963 -3.04623229065332
-3.80794456228614 5.2400952945312
-2.90446345880628 -1.56889203149534
-0.146515969187021 -1.76389355580405
0.677171548828483 5.51643535782191
2.50724481977522 4.39181171976141
0.79189327545464 6.64758127287776
-0.813544455915689 -7.13470549190346
-2.32751998864114 -1.19528234602732
3.84500484541059 -6.61607420442251
0.7802311219275 3.94143609807362
-0.0355293788015842 1.25273327710966
-1.0364459361881 -5.24480228914526
-2.79599887691438 -5.34410019545881
3.74881255067885 -5.25614957019278
-1.35944414697587 -5.38998779395521
-3.21499366685748 4.81224584026734
-0.715276662260294 -1.16494916596502
1.06897959671915 10.0452868813653
0.339048752561212 4.61144157106179
-2.89816739968956 -0.715469078474922
0.512966146692634 2.87912667048503
-3.18249066546559 1.63346170376923
3.45380390435457 -3.37758647528057
-2.27331868372858 -9.34881539109078
-2.02921435050666 -3.852713812828
-2.03735450655222 -7.28419218384119
-1.42468839138746 -5.47177326702693
1.88847856596112 3.19912764820076
-0.0347727816551924 -7.17834070266744
-3.78761804848909 3.98739016071824
-3.00444551743567 -3.85136708522172
-0.996194764971733 -6.61435191479902
0.659495683386922 4.96815125333382
0.509296517819166 2.34060412434407
0.889181694015861 5.49634642044361
-2.88578462973237 -3.22107669968651
-3.08069947548211 -2.62046791097609
-2.21609607338905 -6.06623118473989
-3.15100766904652 2.0916901071411
-1.26203327812254 -8.87208894644406
-0.220968060195446 0.215953984258174
-1.10202193632722 -7.33158133275785
-2.01377202384174 -8.97474649905494
-2.41851685009897 -3.36198368500544
2.11687672883272 7.44237291955985
2.77613059617579 4.83470921185575
-1.70986898243427 -5.74693609757714
-3.09321861714125 -0.424375497921937
-0.250663658604026 1.30570490074666
0.19565586745739 0.486143415487083
1.36659575626254 6.68414273867257
2.45893042162061 3.75542339791937
-2.23623424582183 -4.01538443464319
2.25827231444418 4.65971333292789
2.5720013268292 5.07860147899339
1.20282635465264 3.66192816742536
0.959636203944683 4.17456482093725
2.55807832069695 4.44352488106005
3.90363985858858 -4.44501914679395
-3.06884938292205 -1.90695733747263
-0.99450259283185 -3.0863184287081
-1.84464386291802 -5.10104527642412
-3.80524010024965 4.48434839114267
0.419185092672706 3.43936566249687
3.03510271385312 0.20899279545846
-1.60508350655437 -4.56125160867082
0.0312926266342402 0.960200047821862
2.8092455714941 -1.71760387425033
3.56638936512172 -2.82142110838069
0.439612239599228 2.87995851691012
-2.66461195610464 -5.2481213319002
3.85101386718452 -5.29809734702506
3.96673608757555 -1.71058146736893
2.23511604592204 10.5820487876987
3.37328313104808 0.571954722131311
-2.91109918244183 -2.48822890166474
-0.643677959218621 -2.21606060211722
2.48690043203533 5.66405664071798
2.94194352440536 4.90350820921145
-0.450865037739277 -4.34958241728377
-0.250092793256044 0.0414468218421471
-3.75762705691159 9.28290534394358
3.81245244666934 -8.55510591689816
-0.419834408909082 -1.09760351050547
-1.7948280852288 -4.18100206851969
-0.0155063271522522 0.869049859175545
0.540115643292665 4.74807532050618
0.23833117261529 0.143642568180111
-2.79176030866802 -3.87017986006883
3.91170687228441 -6.92378256166054
-0.288931911811233 -5.43302474014141
-0.509638041257858 -2.54934805704569
-2.53668585978448 -3.75918356773753
-0.869031371548772 -5.40490203406195
3.6712961923331 -3.22280947490432
-2.73069475777447 -3.62366477388484
-1.01295733824372 -2.39876599169207
-3.51460918784142 3.26572593335961
-1.79996251314878 -6.85846988278561
-1.52816757000983 -9.11305140829974
2.95751521922648 -0.68253514016273
0.128302229568362 -0.603574586013088
-3.66642694920301 4.44723960625641
-3.09097329713404 1.47838980964354
2.83445204235613 0.984431613000431
2.13687318004668 4.2267701266238
-2.09228456765413 -7.53053474335192
-0.302152602002025 -4.25128450160443
0.60611174069345 4.20699144551753
-0.807820733636618 -2.61056366402305
-3.27622062154114 -4.27326315950521
-2.17864504829049 -5.90422222025913
1.86004574969411 9.33123051068981
-1.6903905402869 -8.52696945714287
2.66754940897226 2.97970280307592
-0.611213386058807 -2.42798223253604
1.08728282526135 6.92852502210497
-3.93001526594162 5.62520694364348
-1.97478650324047 -11.0101534184853
2.54578206688166 3.10607392458556
1.78429180942476 6.46404014619469
1.51605049706995 9.1104257953941
-0.726661048829556 -4.01325550171326
-3.70754184946418 5.26941422174394
0.581645807251334 5.55508580760771
-2.46119868755341 -7.30264520131784
-1.34520644322038 -5.73904595413336
-2.248929457739 -4.43567913067159
3.94050071574748 -7.59584305778918
-0.479899626225233 -7.40641907787044
-3.68771492876112 4.12400716489832
-2.9887854680419 -0.151487233179565
1.89050693064928 5.26172834485509
3.74111176095903 -1.90046641608172
3.77631823159754 -6.88664116756445
0.61419740319252 7.90783608568522
-2.40876324847341 -3.4521341287508
-1.06472466513515 -3.14217687567897
-3.64847677759826 5.03072681473214
3.83299872651696 -3.77321548701013
-3.10930909216404 0.559163790153723
-3.3843960352242 4.25482028741585
0.358050487935543 4.68322504475816
0.406201025471091 3.26970810651566
3.37415025383234 2.48986155115321
3.82683595456183 -6.5364881624327
2.01336989924312 3.71885421565113
-3.85940764471889 9.52211201835148
0.524928430095315 1.92122999916826
3.08684719353914 3.56572570356066
-2.75312087498605 -1.00838514579425
3.94387746788561 -5.8911722327867
-2.19358748942614 -5.65718257687974
3.07785819843411 -0.359039599012037
0.217014025896788 1.70449392153701
1.15632001683116 5.41551048767939
0.2168297059834 -0.642467976153458
2.59330762736499 5.0240289305797
-0.494010834023356 -3.90701707373967
-3.63026312738657 2.91394284348111
-3.74043557979167 3.24797688024112
-1.38375359773636 -6.18442436552803
0.794878952205181 3.03677102239989
0.858552500605583 5.96123868782391
-0.738685373216867 -5.75062291739234
-3.58178082667291 2.52915822105694
-3.54725884459913 1.77511010830645
1.3561958540231 6.95673983521068
-3.67114951275289 4.41646980122416
-1.49987980350852 -8.70787901989345
0.52272804453969 2.35274035527291
3.04316349513829 0.429802262368015
-2.53060441277921 -7.21067096646858
0.348974872380495 2.15300724749116
-3.73168514296412 7.19924808700008
1.64241437613964 6.25803394324182
-0.308980133384466 -2.2070160525761
2.63825003243983 1.17516842043203
1.51015030220151 6.32123443425013
-0.221525833010674 -0.503096469609137
2.78615471348166 4.00796532961852
-0.709167951717973 -4.24082399722446
-2.71656270325184 -3.35480373831642
-2.90161329507828 -4.01619194734483
-0.110888389870524 -0.801305974098717
-1.84740575775504 -6.11465694350008
2.96578625962138 0.467059114510922
1.82401903532445 8.67100485520318
-3.45397817343473 2.61212581117146
0.938045959919691 3.73779385038174
2.98633352480829 0.352291101961885
3.22703372687101 -1.86074337878345
3.72690242901444 -6.40211996689867
-2.27469305880368 -7.60195406768771
-2.15763338655233 -6.5312707982963
3.86482334509492 -6.11917040961657
-0.430456982925534 -2.62356257651974
0.627107424661517 0.288668431508063
-3.99951841123402 2.56479938264001
0.645153084769845 6.95261570209571
-3.8104788903147 3.62434877609705
-0.137967444956303 -0.446106066942767
3.22819168306887 0.993979034551195
-0.177554870024323 -1.38032820123875
-3.98556888848543 7.68967514541263
-2.64953013323247 -1.67217916827376
0.312080807983875 6.23986583204362
-3.75501662865281 5.82692407773202
-2.87579445913434 2.02200837474565
0.29471024684608 2.09747607403067
-0.737614877521992 -7.02391274621393
-0.976626763120294 -3.65190535859698
-1.85525201261044 -7.33066837351287
0.307475961744785 3.08315475799822
-0.606032280251384 -0.500306613379236
0.652936333790421 5.85101403783244
-0.473897010087967 -6.1913823666561
2.24113421142101 8.50469406549948
1.34472704306245 8.29624134081928
-2.60801367461681 -3.76585005669482
-0.927758447825909 -6.94436892482838
2.78139872290194 2.39166806451769
2.91610005497932 -1.02415848710896
-3.24641777761281 -3.74732134887011
-2.83271366544068 -3.68886458792283
2.32314908690751 5.04035527132315
-0.158905213698745 -3.56116428823283
1.22213475592434 2.10682918126619
-3.85766830295324 5.77024280323167
1.53131026215851 5.43354397965968
1.50123835168779 7.07528291716953
-2.52783098816872 -8.84884813355371
0.469381168484688 4.75891767140393
-3.30482307262719 -0.694923479453519
2.29078831151128 7.67006010296771
3.77461219392717 -4.0090724114887
-3.34620709903538 1.84699082973285
1.58239414729178 7.59404101461032
-1.6520766466856 -7.1895593061826
-2.42924592271447 -3.27415744792845
-3.09365116991103 3.49206450528402
2.14832756109536 6.48432858326498
-0.251923799514771 -2.0023731901545
-3.71884863078594 3.3957822755908
-2.35863636806607 -7.32394484258992
0.594915363937616 4.2738079813975
-0.947441313415766 -8.50190476075365
-3.36102426610887 -0.662015176935879
2.94277600944042 4.21132576033546
-2.64808605797589 -6.38540823277888
3.73966511152685 0.320923668818371
-2.61562414094806 -2.11091434213442
-3.78622012399137 7.73627379847571
-2.50190497934818 -3.27323546334877
-3.30150927230716 0.738673740681704
3.75498532317579 -0.650333634044852
3.04047972522676 0.74705950755295
1.04740586318076 5.22128794525513
0.244370821863413 0.533570828710621
-2.93161056376994 -2.55033141216524
-2.71017632633448 -2.02900034446309
-2.10258981399238 -5.24379143638462
2.0528979357332 6.3309947549437
0.538945138454437 -0.0583237680254078
-3.02170704118907 -3.07118347116336
-1.46276958100498 -11.4889007251464
-0.460030840709805 -5.54810396155428
-3.64044802077115 7.04673282646322
1.15261766314507 9.44076686450028
3.28340354934335 -2.43966770716088
2.28466461971402 7.78623591793304
2.8554965890944 1.70129216030986
2.00689720548689 5.98403955907658
-0.98849537409842 -3.73984350837903
1.66299676708877 6.71174567437653
0.989319194108248 8.26693555825193
1.27129646204412 7.27500170154449
-0.241570869460702 -3.64001549756342
2.67444493435323 3.96523225903034
3.36533902771771 -1.62654543538018
-1.09921021386981 -7.26787676993803
-1.05714051797986 -6.51003826533959
-2.89924415759742 -1.66081685116007
-3.46352873370051 3.47035179851096
1.27882390655577 6.8461418925156
-3.27767268382013 1.3672818415232
1.16447181813419 3.88069640570084
-0.125992264598608 -1.25490564082721
2.71041501313448 2.71179780198807
-2.54528830945492 -4.65164809968746
-2.73706443421543 -3.56173985079123
1.96687007509172 6.47883288586527
1.09882955811918 6.23929592591603
-1.67448403127491 -6.01147128860822
-1.38524852320552 -4.00156049872406
1.45313016325235 6.51295925610786
1.95004951767623 5.97128238842331
1.76203280314803 11.094294827986
2.98252124898136 0.290782248586519
-2.08946912363172 -7.18827374011816
2.41022186353803 5.69830694832454
-2.94187582470477 -1.66480747353887
-2.7719387114048 -1.56726468975934
-2.86737937293947 -0.348659012070897
-2.46288861334324 1.19781087666872
3.06663582660258 2.98356621073188
-1.83776247501373 -4.86647868648866
0.594356518238783 4.53337864982981
1.36016040295362 6.04958182515001
0.0712586175650358 0.599004065403487
-2.09405554644763 -8.1256380134848
-0.397511921823025 -1.08448884522275
0.666229182854295 5.58898616809188
1.45509616844356 9.52365283922845
2.93197915330529 -0.545292844699272
2.71693573147058 2.36115161035925
1.6524000633508 5.0289773822597
2.40137484669685 4.29994237990645
3.15230304934084 0.349249769333695
1.09687642939389 7.88921498031797
0.281347746029496 2.54277343417018
-0.97805879637599 -7.04543649031551
0.832457633689046 4.99844131452402
2.84982228837907 0.0908582374986715
-2.69766875915229 -2.19204217051694
0.530120959505439 4.68063700019592
1.88759472407401 4.14724023999649
-1.35087853483856 -5.30127102682984
-3.67029555141926 5.40076272680549
2.0178258549422 7.61593385227406
-3.29891272261739 2.85294848282491
1.06074441596866 4.22376892651692
1.13661420159042 4.56473465460284
-3.68538311868906 6.27313262232775
-2.56960168480873 -2.33261105795236
2.89163603074849 1.12082643598989
1.16150083579123 7.61869035782779
-0.419797260314226 0.770757604534066
-3.22089082561433 0.930746356418644
-0.83215275593102 -5.98302589724031
0.0848461557179689 -0.569517700542365
1.65975026600063 4.66884249620322
-3.63713721930981 3.7392384631999
3.59657617285848 -2.05559691484597
1.45832417346537 7.29990727365669
2.42323352582753 5.31228662315201
-3.68580250442028 3.32168018662818
1.68339033983648 7.89694899337106
0.841525448486209 3.56361596136633
1.16074106656015 5.97601546450253
0.0332476310431957 0.153971212652609
-0.0259008035063744 2.4634049799024
2.59545926004648 -0.48310486226678
0.229769503697753 6.14072267943158
3.92924403399229 -6.36172907544771
2.5275074634701 6.19199730425264
-3.70830130949616 3.22758257013621
2.5629728641361 3.25477795355564
-1.12905674427748 -6.58823719822072
1.77986954525113 1.97254448493194
-1.96660244837403 -0.705486632170487
2.10213935934007 6.5506290583547
-2.01684254407883 -4.97495242315996
2.0061487480998 5.15816274667212
-3.21092160791159 -0.960119613376079
2.20095795951784 8.36297943409473
1.48749857023358 8.55587316964934
-3.14076796546578 2.23067309014812
0.707237854599953 3.91743028215579
3.88200928084552 -7.39252098961328
1.56259689666331 5.78468793393802
-0.973367180675268 -2.46040618025762
3.71756951510906 -6.95210459825116
0.218824110925198 5.05784964200802
-3.64543941617012 2.39854777475473
1.38122191652656 3.73996575869527
0.904925096780062 3.23014702710761
-0.561411144211888 -3.0270496897761
-0.848632676526904 -5.82595434039737
2.08173532783985 0.923757845658917
-1.18280700035393 -7.21589451864861
-0.191566061228514 1.80909888945853
-2.05022817291319 -6.89590863872466
1.16658975742757 9.53608273536032
-0.61386420018971 -5.39903199446159
1.65883557498455 8.45303781279702
2.60474764555693 2.88485378838049
2.2264655828476 7.36398445739258
-2.35585422255099 -8.64922798643048
-3.54689197614789 3.16732506402174
-0.974506158381701 -3.07826923219606
-3.97755746729672 3.50467731752421
1.30544790625572 10.0690335204346
3.87955734319985 -5.5186724044999
1.39681533351541 5.7702992854421
-3.58881719224155 0.808417166693639
3.6784080862999 -2.44253579235003
-3.72588799521327 1.64819705120262
-0.94347913749516 -8.49311057857635
3.15596839226782 -0.607142781518294
-0.560498204082251 -7.20690100306471
-0.344244392588735 -4.13678973238472
-3.70101858302951 7.61448902424945
2.96539457887411 1.32125856431239
3.24194032512605 1.01266035951571
-0.336812622845173 -5.55725175980325
2.14049327932298 1.54217220508366
-2.239432701841 -3.57354518720717
2.71586097218096 3.08692561970678
0.927308302372694 8.84332468007704
-2.72978995367885 -0.714722379787995
-0.779624672606587 -9.36507630406616
3.48967324011028 0.0181187958639901
-2.23085692152381 -7.5660355263717
-2.04803968779743 -6.39277913325499
-2.69698240421712 -2.48979070155823
3.47405150718987 -3.64973028366198
-0.0719901788979769 -2.03752436177392
-0.124699100852013 -0.847134803491065
-2.43587728962302 -4.00041696133047
1.74669119901955 3.69748833802456
2.20954966172576 9.1640524730132
0.470454838126898 5.86693813259086
-0.331422479823232 -2.93908546403321
-2.40190977044404 -8.10312141952835
-2.60511251352727 -1.52817802892768
-0.511007579043508 0.612443314579491
-2.02609439752996 -8.52194798575594
-1.61506632715464 -6.6683705133914
-3.17275245860219 -2.69494809916418
-2.77057091146708 -3.53777324984651
1.76302197016776 8.12803731452073
-0.451572902500629 -5.95381701638479
-2.90737792290747 -3.81783104121979
-2.50005669519305 -4.89494405020627
1.74939433299005 5.80348938110868
-0.0599637366831303 -0.383630911503597
3.26891159452498 -1.12250329730921
0.583099450916052 -0.0728472513646614
2.26450560614467 2.8226613212116
2.10815414041281 6.30716563200986
1.6257661730051 7.92550022936174
-2.41867571882904 -1.73217744332617
-2.22697017528117 -4.37237584336226
1.9989834818989 6.31941727508389
-1.004365330562 -4.69500911395133
0.014854334294796 -2.09279690889721
3.55230143293738 -7.36512609888542
-1.12506544776261 -6.80418514683562
2.40280633419752 4.12584078172308
2.94546189904213 -0.278555250097742
0.49687172472477 -1.15240546638686
0.781059311702847 2.19644833509865
1.56159019097686 9.98418777795641
-2.27850100211799 -7.54981882582147
-2.39866529218853 -4.77983660269994
-3.1806356869638 -0.408714195771936
-0.952336927875876 -2.33043767170588
1.06869407184422 6.42415147874813
-1.30519052222371 -2.70007408540277
-2.20622527785599 -3.54362925874014
2.61033822968602 0.451226001665725
3.71761768683791 -3.59624976919904
-2.35291669145226 -4.04972614993796
1.65641568601131 5.71125948846255
-3.06664719060063 -1.29568618856568
-3.97517449222505 5.2376703225225
-1.74105527438223 -10.7545351063918
-2.77391674369574 -6.79578702783234
0.248320505023003 0.282864934974591
-3.14862620830536 0.921857811671066
-0.302990416064858 0.168972301853662
-2.7627047598362 -7.44001396214355
-1.73338928073645 -7.34033894620664
-3.60262170992792 1.28873511430604
-1.60226948186755 -8.18568806015367
1.59088622406125 8.98047367648474
-2.17023502849042 -1.75078357242211
1.17514958418906 5.79886758466956
2.19463006593287 5.7786215108195
1.31753969192505 3.27722068579663
-0.294016007333994 3.47975399222611
2.9549668263644 1.23595007355216
2.22067118249834 6.99450447443749
-0.112803671509027 0.134856701417215
-2.37586509622633 -7.37015234244059
3.39883832447231 -1.45322872283642
3.11019613035023 -2.41302552602092
-2.96265547536314 -1.04691593858952
-0.931311499327421 -4.99832515130539
-2.02765285409987 -8.22236016900094
0.610438762232661 1.26266684593276
-2.25355069339275 -5.30972731612688
0.36285731755197 2.68505717337528
-1.17796448618174 -6.25369542381361
0.55396288447082 7.54558288663808
-2.53584364615381 -5.21859514211537
-3.18185589276254 -0.843368428346831
1.91948708891869 4.59881964701123
-2.30308165028691 0.25691607841067
-0.407748457044363 -4.21913611073202
-0.716613130643964 -1.93083254875587
2.9336352609098 -0.99478398083264
-2.93166541308165 1.34483142391304
-3.49200103990734 3.06741659387906
2.05691496282816 4.55212219874627
-3.49730871804059 3.05346621720323
-2.73004011623561 -0.532927711408691
-2.01187141798437 -4.46449470399807
-1.45683939382434 -6.50639490646165
-2.47016109153628 -5.1903720786857
2.53436353802681 0.693496125742998
-3.4869448505342 0.410920890118668
1.04640274681151 3.84374334716001
1.22118887864053 7.79837171671881
-0.69606433622539 -5.34401582525375
1.98826048709452 7.38500502631713
2.58237858116627 5.25405088779643
3.25054099410772 1.01070241179252
1.28128887154162 10.3840952507269
1.56545951589942 6.19518178289423
1.76783709600568 6.2250367901056
1.33526350185275 5.42929655711186
2.42901620082557 7.21865896291767
3.23127736337483 -1.47460873379964
-1.79178166761994 -6.94326148646487
-1.21129748038948 -7.76395116146963
-2.45683589205146 -4.94042340757229
0.406268486753106 3.3688187640285
3.69924746081233 -5.58163091147359
0.910740995779634 7.41532904314526
3.82019275054336 -6.73824847121926
3.92937374487519 -3.2577935381762
-2.63618497364223 -4.75491726801835
1.33141047134995 4.98065610562532
0.961951667442918 8.0525633126572
-2.271329279989 -5.37697366530633
2.94096941687167 1.82401586885026
1.4383667204529 9.76694927098188
0.277414733543992 3.46151637084834
-2.9928574450314 -1.20100815842975
2.41854382492602 2.73008688839407
-2.94081617891788 -0.867754069925087
-3.75454827584326 3.27744975194249
3.09590882994235 1.98001075771549
-1.81651161424816 -9.03715108168821
-3.03661454282701 -2.10909048778392
1.17158062942326 12.1608273192833
-3.53113604523242 5.33412400905808
-0.14347954466939 -3.13309963812857
-1.44723829254508 -7.96393783913307
-2.45763889327645 -4.6456571799319
-1.89224590733647 -8.13623013019097
0.645551862195134 5.97057931721333
0.983638172969222 6.32724018022374
-3.13562611676753 3.13584093786288
-0.758175924420357 -5.02925888465807
2.49386811815202 6.00580841462075
3.96746351197362 -4.45925535691444
-2.44527847319841 -7.3184950886313
3.27039978653193 -3.69896753010309
1.59182792529464 7.15852112936849
-3.81579723581672 0.823884625340007
-1.08442885056138 -8.0538080197742
1.00220824405551 7.25648424583349
2.5157727971673 5.47456241517023
-1.27664196491241 -7.61487478131907
-0.391717312857509 -2.57088715709199
2.24785813875496 3.11050397173695
3.606489604339 -3.35275445649448
-2.76177169568837 -0.795650004101631
3.36261549964547 1.00236424408756
-1.58769900538027 -9.51878779372227
2.884436622262 1.07208590483546
0.225098332390189 1.26398761110338
1.61990661174059 7.30772358900942
1.27173042483628 4.16129052585667
0.992240512743592 6.18358067023134
-3.60815322771668 4.17817728163321
-3.48360402137041 5.54259865276676
-1.2216112408787 -8.87193017674149
-0.979680929332972 -4.68311183994684
-3.83465194702148 3.84085699813547
-1.8692540563643 -10.0924689271221
1.64504720270634 10.9149866087041
1.15284255705774 4.37363068224663
-1.97661972045898 -7.8090387778374
1.96633946150541 5.84990594400963
3.33029370568693 -0.711756782535644
-0.209135686978698 -1.19607606758973
3.05095222406089 -2.39987099228276
1.93944474682212 5.0644186555707
-2.26246066391468 -4.11774157650972
2.96324816718698 -0.571402734681538
1.10118125751615 6.67393470229978
-0.559765556827188 -3.51001268447726
3.03235466964543 2.6304032574885
-1.71828019805253 -5.68029279099934
1.42533726245165 7.63924022291748
3.45611138828099 -0.117229857619135
-2.93248238787055 -0.797620569124146
2.48909979499876 2.60371482747715
-3.80671024881303 3.6358540109666
-3.28321358002722 -0.374858753155205
0.774799341335893 3.38990996647374
0.00203370489180088 2.42428091166673
-2.11124891228974 -3.99374975799568
3.52732845954597 -1.92161739899092
3.32079654186964 -1.23610637104795
-2.37735914438963 -4.86685502997486
-2.35254537127912 -5.99458915388878
-2.53729150444269 -3.00058045507881
1.93841342628002 3.81387247328525
-1.09154969081283 -8.54191154013414
2.60356072150171 4.91533098121652
3.56344014964998 -4.52945430715865
2.29619007371366 6.77849539207769
-1.98657961934805 -6.21437299248353
-3.63440690934658 3.76583475269714
-0.556271469220519 -4.12619206575485
