-1.8110181260854 8.28160330260548
0.750935461372137 17.7021309183903
-2.71852149255574 -0.0248946712376686
2.82744191028178 2.43771817365653
2.78191326186061 1.39096893202209
-0.176905499771237 20.6128283623924
2.18953697942197 5.83880770574587
-1.63679935596883 10.1139441330231
-3.47497510537505 0.479989958466367
-0.475735001266003 17.5291190801521
-0.303209137171507 19.2551231206457
-1.27252503857017 14.8376577955025
-2.51887745037675 2.593099647473
0.0559818148612976 19.468808064262
-3.84647175483406 2.81498682553728
2.1894883159548 3.29533086303546
0.47732063382864 18.9789921465225
1.13170111365616 12.4782619847882
-0.252543050795794 20.4316648119155
-1.76620951481164 7.71943281826828
-0.310267437249422 19.2660766997732
2.3419067338109 3.95556446249455
0.684524610638618 17.5324827018372
-0.841928113251925 17.4126461881672
2.48989879712462 2.44434873998689
-1.45149524882436 10.1383150689348
0.651578705757856 16.2628876329104
-0.35608833655715 20.3308827474213
-1.84957240149379 7.45695165347684
0.441417638212442 18.4441377253643
-2.15015292540193 5.14944795660759
0.345863183960319 20.5713971885299
-0.419438870623708 18.4198291832007
-2.95769490487874 4.29285183988477
0.97380786202848 14.7394670958333
0.383954266086221 19.0691579814375
-2.80604629032314 0.392288984523636
0.476366953924298 16.9213715706844
-0.584915388375521 17.5888237466696
-0.418159212917089 19.9735508133335
2.66635817289352 1.84334437662331
1.75669826194644 8.32160339115382
-0.344905955716968 19.6995817649053
0.170114103704691 19.2988429174159
-2.0603433791548 6.99797645229921
-3.39311332255602 2.17124057382998
-0.86963927000761 16.037269834832
-3.89513427205384 1.64767594965203
2.93999574892223 -0.104512414363123
3.94092538952827 -0.781928745857445
1.6708431057632 10.345035305611
2.61372392252088 -0.507433462009564
3.13517015613616 -0.957696539248355
0.315285861492157 18.1424783679383
0.442508734762669 18.8020081252709
-1.78848093003035 6.99059170258997
1.27358340658247 15.1671620764445
-2.05251806043088 4.85058281006899
-1.69387036189437 11.7680648613532
1.7262476682663 10.9923012932764
1.82026906497777 8.05209021589532
-2.61565569043159 1.54740380771974
-1.54950992949307 9.12039347383845
-1.04074178636074 15.124222937543
-3.37822756543756 1.38135952120304
1.70520151033998 8.37334448106149
0.40738183259964 17.4242092307031
-2.91307682916522 -2.28037764943036
3.79330955259502 2.71367705022243
0.495705271139741 19.7588852057977
2.3072750531137 3.50160649562261
2.79131267406046 0.104701202241271
3.02433419786394 -1.13988579203095
2.40381099097431 1.97103474076862
1.12118789181113 11.4051282014265
1.03142208606005 13.9810266642357
-1.82872796244919 2.76997037747322
-3.76048139669001 0.895114971553165
-0.641086280345917 17.9389045537155
-1.1565226316452 13.4666364632836
-0.861349968239665 13.592484385148
-2.62450534105301 1.40743897417879
-1.44286304526031 10.8413580753576
-0.691559486091137 17.6653247619485
2.07468557357788 3.93138697708223
-1.82487835921347 6.72247948904479
-3.07534034363925 -0.134802987996476
-3.76530708000064 2.15515257350597
2.45484238304198 3.95183221984288
-0.158988507464528 21.0511136466584
2.44998352229595 4.3191178593356
-3.36795454658568 0.0613033677835454
-3.07730072364211 0.700755724112813
-2.96466968394816 0.623745908715835
1.90998833626509 5.78719459771112
2.05678826756775 4.99421749690741
3.93964246846735 2.16352802918943
0.996423898264766 24.4101845957606
-1.69047913141549 6.65553379433988
-2.40070580504835 1.58184485415072
2.40734278969467 0.808423273805179
1.82210168242455 9.7643373879979
-2.26361620239913 1.89796035920757
1.95390804298222 8.45429161927073
2.93322966620326 -0.805450578906601
0.235246051102877 20.0473026111914
0.78910837508738 17.2355271911717
3.50105865858495 2.55991643440811
3.60579278692603 1.77682258132766
1.28425841033459 12.7251887461725
-3.42170735262334 0.274310315823991
2.61065262928605 -2.49723217244019
-0.163647376000881 20.6016705430852
-0.87016973271966 18.1331121824015
-1.60701779462397 -20.9763049776785
-2.04553400352597 5.93325288629924
-0.625518945977092 19.0684468528322
3.50216141529381 -0.239897701848361
-1.88411906734109 4.81628702237268
0.54855003207922 17.9921232828532
-2.38252345845103 0.0362662836717127
-2.45755498483777 2.06209472760021
1.74889396131039 4.57725575483686
-1.49185683578253 9.51112594285715
-2.89287898130715 0.453041827424691
-3.53575441800058 -0.0438751991264812
3.4487971290946 -0.853180242925491
0.546704096719623 24.6347061903131
-3.05783711560071 -1.39592003313574
0.518355851992965 14.946602604288
0.322049463167787 21.4431508881702
2.55746014788747 0.624204784436423
1.6238360311836 9.52293687179323
0.541986988857388 25.0624892315472
1.77047413028777 11.8553405768394
2.01955370791256 6.42634688658851
-0.948619225993752 13.2933798477637
-1.69591774977744 8.86713520990732
0.253466617316008 19.1590802977829
-1.92283142916858 7.52216245589115
2.65432254225016 1.56601166008952
-0.757088921964169 19.2701982061625
-3.41894459538162 -1.63982118662615
3.63006899692118 1.15346768572376
-2.26252973638475 2.21083505390649
-0.754997866228223 17.545531904145
1.00534652359784 15.8814844346051
1.02723843045533 16.668804362913
-1.37409068644047 12.3728113756961
-2.88872406445444 12.2024192520307
3.3172573633492 -0.284258185317302
0.792927738279104 18.4626307270888
1.99685676768422 4.74668244616077
3.35163796134293 2.64825149393958
0.230123167857528 18.2844902928813
-1.02417003177106 14.0180360933222
-3.47353343106806 0.890306403296838
2.83495938964188 0.0274574150937694
0.0832904111593962 20.9296795756131
-2.32001553103328 2.65694620989161
-0.993252506479621 15.6501028959887
-2.34107600152493 3.41720155590196
-0.32607346214354 19.1692371432417
-2.06798199936748 3.85413298364215
-3.05047742091119 1.64281580639065
-3.42024680227041 1.38403255137335
1.52791879884899 11.1363535906018
-1.70433904603124 8.11931964303646
-2.80470003560185 1.73275740465549
3.77945607341826 -0.323829277122157
-0.715884877368808 16.9635980298475
-0.785489166155457 17.1596800604444
1.18845078907907 13.3991301098671
3.33044591732323 -0.138397610502285
-2.26670288853347 3.16944352844187
0.383990975096822 20.6712976266487
1.76040366292 7.07559502027316
-0.822031958028674 15.3937638207135
-3.24798885919154 -1.05595024418555
1.07917124032974 13.4400190095057
-3.98016951791942 0.871343829877059
-2.31581408157945 4.23623546653014
1.43218247592449 12.1702848565599
2.92951304279268 0.272522423116779
2.39757692441344 1.4856558792092
-2.92002881318331 2.32298793345993
-0.900013938546181 17.8462305457551
2.30777543224394 2.80677570083304
1.54330933280289 10.5644000389341
0.754183771088719 18.4443987928094
-3.00913878902793 0.908633358607187
0.440624821931124 19.9288512500321
-0.404708897694945 19.2439075071985
2.12933222949505 2.66875966770616
-3.79121822677553 2.52407163713879
-2.43862854503095 0.551281901805983
3.04987651854753 -0.74082610736215
-3.12158725224435 -1.78575442602648
3.74840742349625 3.3568821719319
-0.918411256745458 15.9400095595632
2.86873125843704 -0.161817613735912
3.09907803684473 -0.664165141802257
-0.0872680116444826 20.6344583651874
1.74473447166383 8.10261203901772
-0.106355419382453 20.8828371013882
3.90967088751495 2.5917145691542
-3.4819909632206 0.380708926938685
-2.73869777657092 -1.72651152313853
2.28278894722462 3.1489667166703
0.337506318464875 23.2400381714439
-0.667621238157153 19.7822209165257
3.99106119200587 2.82379142541016
-1.95461506396532 -5.73307138597996
0.063005369156599 18.9820271252241
-3.36823057942092 -2.53628945067435
2.50934691540897 3.06457855863339
-0.942566718906164 16.5300308550807
2.41746166348457 2.80839706009104
-2.4166109059006 1.37918564746325
3.57119816169143 0.488534940085564
-1.23462020605803 14.6808542866639
0.176401978358626 18.661353258111
-3.10649594850838 0.106318157349033
3.08779880963266 1.73250068368533
3.63403978571296 1.21989738167854
-3.6769538950175 1.61807245441821
-0.0510704908519983 18.5804385382918
-2.191490361467 3.22432732840071
2.87040271423757 -0.295850479880601
0.247485870495439 5.94762225043049
-3.96289479359984 3.50581219577155
-1.77951935864985 8.51706389708017
-1.39837485551834 8.24444277239845
0.70965021289885 17.5456743497707
-2.00252239406109 6.155268561045
-3.65506175346673 1.71171676179719
-3.11456969939172 0.5201550768937
1.63003049604595 16.99491248037
3.51216991059482 0.516891705947823
-1.51064785569906 11.9392288316646
-3.37205655872822 0.196776339276657
-1.42604726925492 11.5403023933063
0.999244295060635 15.8223644411845
-0.478065203875303 18.3814668015897
2.41076240502298 3.02520617856065
-1.76572955958545 3.69232299675694
0.565705547109246 18.6719283761297
-3.66297590360045 1.82399236635159
-2.47426035627723 2.62357070619607
1.8166917655617 7.46330153432449
2.61352040246129 0.134977284756183
0.0857686027884483 19.6780887683646
0.541809326037765 17.9325123282917
-3.99075344204903 3.3426571264129
-2.84977517463267 0.436717583419485
2.92773666419089 0.982834669990633
-3.33951151557267 -0.59194629939122
-2.04343454353511 7.33490435940466
3.85234525986016 2.91639795399827
0.620650235563517 18.3765243035772
-2.01018908433616 10.3540042216898
0.919631630182266 16.6230959430555
-3.74594143405557 0.255855125553012
-2.82861164584756 -0.73139603114271
1.6245837919414 9.25713785448665
-3.47551433183253 0.381018505706312
0.974456498399377 15.4502090162638
3.49861892312765 0.936641494035056
-3.29684308171272 0.332150313011789
3.78242807462811 -0.102792194757678
-3.79191431589425 2.53684233147022
1.80182361602783 7.55400938132026
-0.370348867028952 17.3323803965846
0.529459239915013 17.4779054614995
2.98184837028384 1.84754345352254
0.436505436897278 21.8649727539226
1.90121765807271 8.78122686623608
0.985033296048641 17.8644124867285
-1.51177275367081 11.3961720134403
-0.862428123131394 20.3086988934818
-2.38330035656691 2.87172723526847
2.82224311679602 0.565492924961971
0.854641206562519 17.9754711490162
2.04878411069512 6.63979200426325
0.500134469941258 18.7083750748366
-1.79280789755285 8.06272678587681
1.88446722924709 5.64641793584132
0.394238350912929 20.324828702476
-1.23098364844918 12.9279046423127
0.119725078344345 19.2093582734186
2.52614358067513 2.27574704140863
0.210180554538965 18.367261109016
-2.37567960098386 1.7849541434802
2.7848614435643 1.09117525772368
-1.0360462795943 13.6401849811493
-1.57339863292873 8.71507836053055
2.16477637551725 5.12869172776457
1.86758843995631 6.89469253653994
2.71124798618257 1.09295974375384
0.552390739321709 16.2561216193931
-3.78975329361856 2.11792616440042
-0.110982174053788 20.1112107066026
0.34144826233387 22.5665077724405
2.69328093528748 1.43680687411216
1.82931630499661 7.41184898363365
0.440910454839468 20.226446277474
-3.4126848205924 0.714193543518454
-2.90798160620034 0.636160322589288
1.47686957009137 11.3199357529704
-3.2030245102942 0.795731459328871
-2.36971275880933 3.81282890217232
-1.0721588935703 16.8336627995093
2.76956606097519 0.0406055805611168
-2.10501923598349 5.62751542474507
1.6390228047967 10.5360931929344
-3.13912935368717 -0.151745771539833
2.23255094885826 -6.52871724541048
-1.95915453322232 4.96091101616824
0.384346608072519 18.3581080433365
-3.72878783382475 3.1874621044336
2.44887580908835 3.39563848210333
-1.29797754250467 13.1418799009956
3.33028686419129 0.443696047314329
-1.1431486569345 12.4280843275636
3.80292010493577 7.77119063069104
-0.92497181892395 16.6091616740172
-0.0906117185950279 21.8345404136638
-0.0737901497632265 19.9054802900641
-3.90196300670505 2.95459206054981
1.13178560510278 12.5488775040115
0.100599773228168 19.7156383316225
-1.43718305416405 13.6634272403106
0.651465261355042 11.7210570149414
0.938755266368389 16.8621061213988
-0.493803698569536 18.6988690104679
-2.63704815506935 -1.05440444185554
1.720643972978 8.39859999840922
1.98229238949716 6.08048480153657
2.75131766498089 0.593059059025167
0.278072375804186 19.5134894170024
-1.58211790770292 8.66818367511905
-0.347854543477297 18.9703443706476
-0.925259724259377 15.1211961747183
-2.00762516260147 7.79422114095274
1.23701395839453 15.7419356216211
3.64258961379528 1.64036936091489
-1.67133634164929 9.94814761941051
1.20151269249618 13.4062787618046
0.29087944701314 19.9835856814661
0.779614932835102 18.0104926141862
-3.80081384442747 2.15420098891331
-3.96126608364284 6.29275628619779
-2.94897396489978 -5.85667486300951
-3.80146316997707 4.29861573568241
-3.26296438463032 0.101796418940911
-0.195534206926823 19.1164373727208
-2.4267459101975 -0.63433369799646
2.51739158853889 1.79945883990229
-2.04752617515624 4.60147182404705
-0.0895388964563608 19.63780359607
1.19105983711779 12.5203926511571
-2.73026823997498 -13.7803836383872
2.69582328759134 0.863852496612643
-0.507227761670947 17.8271908909823
-2.13203579932451 4.32021030957476
-1.60915206372738 10.8909848693666
-2.7246293053031 2.56493620626827
0.684536833316088 17.9402104820156
-2.80977618321776 -0.0599322936061193
-2.56752352230251 0.61070002222717
-1.28622796013951 17.7577865214761
-2.52878448925912 2.0482414876499
-0.755667822435498 17.0675071414596
0.908476946875453 16.1136058722971
1.48537067510188 0.406740985612338
2.58820480108261 0.257569703299741
-1.00814308971167 18.5208930083953
3.62272803671658 1.58443242988629
-3.84934272803366 2.52261499414067
0.898999778553843 17.4246764172703
-0.291409889236093 18.7550233770024
-1.1621630359441 13.5893517926608
3.0593842305243 2.6092650914515
-3.39357713237405 6.6898231435335
3.06632953323424 -2.30648186328309
-2.494225313887 0.434110962373141
-2.27946602553129 1.72567729137193
2.95625833235681 -3.91162669775112
-3.51329554989934 1.67887746220528
-2.12080319412053 4.31945973867371
3.94412410259247 -0.187212089521337
1.42558182217181 9.88524248501852
-0.516105595976114 19.7833531347634
-0.981520464643836 15.1817130588532
-0.310527805238962 19.893933329235
2.41481497325003 3.39141880614452
1.3037358019501 10.9305356298466
-0.271970687434077 22.0930113914328
-3.57392450794578 0.0445804601141042
-2.10241665318608 5.52511972445365
-2.13408209942281 6.0202827722584
-2.15477119386196 6.00914884252334
-3.50618980824947 1.83734925709555
-0.0230511259287596 19.695719190165
-2.04699929058552 8.45503165815927
2.06548431143165 4.27978301201408
0.378421420231462 18.0441593739897
3.5845351703465 2.35800310318694
-3.31062246114016 0.976181161602259
3.58306067995727 0.978344055534639
1.77919094450772 8.97375821155464
3.37603683769703 1.97612520979962
0.910727549344301 17.0033570067621
-2.71226798929274 1.78667742586357
-2.53647446259856 1.47993431805015
1.84146849624813 9.83951417487597
0.716205203905702 16.6351917955462
-1.50014109909534 10.6814228898952
2.1823551915586 2.84487027258903
-1.30961438268423 11.9099492733032
2.84541352838278 -0.0167475560615196
0.64422794803977 21.0681061778111
-0.674218788743019 20.5873602853204
3.46058228239417 1.17798120126629
-0.298409268260002 20.1996663816574
-3.20522936061025 0.4100125565316
-0.276405094191432 19.8263870966045
3.87267086096108 3.69758419316496
3.40218292735517 0.728679029773959
-0.516809891909361 17.5513944276009
2.9577657263726 -0.963460897861268
-1.59716662578285 11.8516309426072
2.38378104940057 1.38731498525699
2.40408569574356 3.02065558975361
-0.904594430699944 16.0432554773303
-0.947282439097762 25.6835696852159
1.16412491351366 12.8468085390023
2.89333963394165 -1.13574071763125
1.25306136719882 12.0612087010648
0.130608588457108 19.9635437412999
-2.80974733270705 -0.399020138937929
0.902127223089337 15.4684444342409
-3.66426544822752 -4.84575990279819
-0.0131280589848757 18.3598648960022
1.91606577299535 11.2505333458847
2.03119823522866 5.29527995738449
-3.49525007046759 -1.83595085225715
-0.460144532844424 21.2206226303944
0.00537359341979027 19.7874772073329
-1.83805519714952 7.53544746815142
0.79041719250381 16.8379639477906
1.8867010101676 5.75111707447059
1.70862249471247 8.19735946544244
-3.06805650517344 -3.10316519886822
0.60096494667232 7.95077627160967
2.38505589775741 2.66382311869535
-2.14540962688625 2.86300584735632
1.79884660430253 4.18662027578445
2.70418558269739 0.709022103854541
-3.04929143376648 0.550643462361173
3.6716031730175 0.133138237217814
1.98211667500436 4.86265756938539
2.48711583018303 0.199291310604766
-2.48065821267664 2.37267361752161
-3.79224978014827 2.79737810387175
2.91025833785534 0.25189589743016
3.3534389231354 8.14220140130274
-2.89897609688342 0.238768849170486
-0.178811024874449 18.1151313308821
-0.296307997778058 19.0236653317071
1.60142888873816 8.07250011817063
-3.47540079057217 -0.505188954226955
1.86431994661689 6.9466662387425
-0.832547277212143 16.5975052038455
-0.308097241446376 18.8950022620108
1.80239490605891 6.79011178311445
-0.239978823810816 19.8336580578674
3.99619182012975 3.17192202649191
2.76748633384705 0.155063536751363
2.62565843015909 2.15093344840045
2.09315475448966 2.68154131762207
-3.10314806550741 0.329901882525553
2.71181615442038 1.47567005316633
2.51080419309437 1.33331486389363
3.93129755370319 6.81561462128582
-3.61348380148411 0.346119901736656
1.97430329956114 5.27651600116727
-0.645491827279329 20.2595710661427
0.65715117752552 17.3756474747851
2.64587249793112 4.7536331686186
-3.89175498113036 10.509798352082
-3.9078258946538 3.44201778895101
3.97156565822661 3.05607862008973
2.12551733665168 3.95591318143565
-1.4826991148293 13.1962571903517
2.49609395489097 2.37815113319354
3.9297537393868 3.19257931923332
-2.39392325654626 2.84379617470645
1.16829776205122 12.9730392202529
-0.499594168737531 14.9568971197566
3.50422609224916 0.733598479051628
3.90402644313872 2.16417346947726
-0.349443512037396 20.4783721485693
-2.15508045442402 4.06195002465105
1.56391414813697 10.7996296985509
0.453058756887913 15.3844677175295
0.677680715918541 16.1386721101519
-0.530950024724007 16.3907768067366
-0.590599577873945 16.8353492911544
0.774835163727403 18.1939448612053
-0.383315321058035 18.5367494172884
3.65286926925182 5.51401916798161
2.75544280000031 0.465540850542512
-2.21785117872059 6.3439502552162
-0.638638583943248 17.7422825454049
-0.640136515721679 17.7456176961835
-3.83367320895195 11.3972868968131
-0.956416243687272 17.3653167223576
-0.62121257930994 17.7428964114479
-2.46859149262309 1.38815310214312
1.64263425394893 10.3297064329491
-3.8918361980468 3.39519754178098
1.84962484613061 6.4126496207545
-0.538207216188312 18.3550771570082
1.84992074407637 7.02305487978284
-3.88846758008003 4.23105048155441
-3.63749353215098 1.36840870942086
-0.652684988453984 15.8255605499114
1.15072001703084 13.1544055133517
-2.24164971522987 2.81544234518353
2.66754122264683 3.65820628180173
1.55813850834966 8.11847131132281
3.19299588166177 -0.104878294056421
-0.68607771769166 16.4138193808031
-0.711962373927236 20.2000305844794
-1.99988008476794 6.49220066429203
-1.00986368767917 14.9094311617496
-2.14485813863575 4.75736657291171
3.4528253171593 -0.157280287613175
-0.189241958782077 20.3559591880823
-3.61867997609079 1.66617688717506
2.18824844807386 2.89004017745768
-1.35106136463583 13.4822377088115
0.423011764883995 18.5192877042515
1.41064423136413 12.0983785127451
-1.78132503293455 6.05140540343912
-3.57715457305312 0.508090361488403
-0.593931330367923 17.1122516884923
0.880947856232524 15.0336338225739
3.80836828052998 5.16780055835985
3.75840096175671 2.4720850707115
-3.29212354123592 1.13670613158659
-0.0129597019404173 19.7089017842879
-0.834485057741404 15.7676733378585
-0.877344567328691 14.576802381896
-1.45200407318771 12.0276441503101
1.46060043387115 12.1274134021296
-1.72308073937893 8.96745893675137
-0.879242286086082 17.0604812154797
3.92134848237038 1.96210761343907
2.33604585193098 3.73090778492196
-1.50075878761709 10.6831753088395
2.53694184310734 0.649381352537354
-2.23272182233632 4.16299140631325
0.00859056226909161 20.2634593135757
-2.66422162950039 1.62533139860553
-3.04272644408047 -0.558179258619376
3.18087974190712 -0.35344878126367
-3.25028097070754 6.73991970338114
2.92046845331788 -2.49072847347594
-1.7872682902962 0.324587005753035
-3.78173045814037 1.21799077863675
2.29907970689237 1.98403250016483
-1.13071760162711 16.595498701203
-3.79917627386749 1.95390276805468
1.96874878369272 5.44336724257614
-3.7629953827709 1.55288494005017
-0.529081352055073 16.0300821118095
-1.94698533602059 5.40037446281535
-0.0158782321959734 19.1583073587116
1.22684184461832 19.8468710103007
-3.33074491471052 0.856019769032441
-2.55622030608356 3.67828500817514
-3.16429998725653 0.0502757196151517
2.49914387054741 1.31354099833195
1.02001953311265 16.3550321881357
1.04457988776267 14.8705223745063
-0.872881198301911 16.3770158187515
-0.54197140969336 18.4682118828779
-1.21092798188329 13.6663572991549
2.34846206940711 3.10573743211599
3.09548889659345 9.10163031879748
1.20901669375598 12.7458623273962
0.742906114086509 16.897646177916
-1.37742324918509 13.3770864511939
-3.3944850564003 0.22815351388835
0.731097936630249 17.7710333854242
-2.57330589182675 3.17264976262518
1.9308009929955 4.94822855652119
-1.64899033494294 8.52930893400696
1.11348648555577 14.1378583659413
-3.00142082199454 1.15222351854598
-1.95787372998893 6.36570371520771
2.56459749862552 3.50352562072859
2.43024314381182 2.58898579823983
-3.63332295417786 1.87552842466669
3.00425377488136 -0.906914771374602
-2.97592728026211 1.93477926462609
0.870651228353381 16.9085192869033
-0.243465013802052 18.9707215829139
0.458328684791923 17.7834866345226
1.84314227662981 6.3309781942341
-0.241130489856005 20.0776850768091
3.90888047218323 2.79507766252581
3.87734707631171 2.72677406782048
-0.853722551837564 16.7592341879171
0.870777100324631 16.4358339919128
-1.23613015934825 13.9824717175913
-0.50309950299561 17.9039320713037
-2.16694429330528 4.1613032323542
-3.95142201520503 5.70706606137007
-3.80898489430547 4.10583514487857
-3.52993257343769 0.654640926856531
2.1166051607579 5.01245665260527
-0.24764795601368 18.4705357509429
2.80665504187346 0.371379055973337
0.653755124658346 19.1326230205445
-2.50489390082657 3.30899594637799
0.87248782813549 15.5272048979781
3.14673386514187 0.255506174606483
2.35456932708621 -0.574019987861165
0.0327426716685295 19.83511848796
-0.615773810073733 17.6595945273286
1.23505030199885 16.7783009790198
3.10190811567008 0.382274510455641
3.13613176904619 1.21237786315328
-2.57287569716573 0.760676835939331
-1.93998060189188 4.56750336668456
-3.09249196201563 1.15308137437349
2.37727166898549 1.91130715269198
-3.12369208969176 -1.37556884440379
2.63257355801761 -24.7909372758016
2.16837037540972 1.63946448714197
3.5495152361691 0.402869995808678
-0.264339251443744 19.35544285514
3.51884518004954 0.717641560746361
2.28146353922784 3.14446157663446
2.99686300009489 -0.137665305110015
-0.844298772513866 16.4325652226506
-3.20240671373904 -0.559132632352755
-1.78430863656104 8.06537603719711
1.77777640894055 10.1552117240476
-1.14955856464803 15.3222031501972
-0.938304932788014 16.7333578545019
-3.74425079301 3.03442718574186
0.171562295407057 19.2729004414601
-3.03137671761215 -1.00685249579003
3.08147341199219 4.89960583040163
-3.40282960794866 -0.682972291814408
2.27382357418537 3.09660534220488
2.8330584205687 0.221514088122195
-3.70257463492453 -1.22248141854594
-1.79885192401707 7.08589199273899
1.13655959255993 14.699674794006
2.28062687627971 3.23546100761815
-0.799498304724693 16.7638993997002
3.48241863772273 -2.51868919547441
-0.87586423382163 17.4747044780009
-0.608325542882085 24.4559589689282
-1.70862639136612 8.87196431975565
0.893987268209457 19.647150381833
0.470501909032464 18.9248059278895
-3.68026291951537 4.0058896834261
1.96225557476282 6.08157593278692
-2.34810063429177 2.7112044403267
1.25196772068739 14.0488243105975
0.179317370057106 20.4832563265195
1.06749267876148 14.1745582074432
0.940505070611835 16.560409429763
-1.7208356205374 8.79400240677674
-2.20954222045839 -75.7435848174296
0.312154842540622 19.0602512439592
3.97097581811249 10.965733179126
-1.36866770498455 12.1530572497953
-1.41331129334867 11.4930016155843
-3.71741185709834 2.3163372430018
0.204894820228219 18.2130709865576
0.774455320090055 18.6323074950922
1.93669327348471 4.64002243985659
3.62269703671336 -2.51143322193253
-0.0830300971865654 17.8787667436599
-3.33370123617351 -0.100075449024911
-1.92057600803673 8.05516911179897
2.99877300485969 1.17570036595657
2.81647309102118 2.45935057937446
2.74323731660843 1.3536965378362
3.57522939704359 2.40149089150362
1.22145307809114 13.7998976190701
-0.0947554782032967 17.8649435511624
-2.49794639460742 1.5321570842722
1.70426448620856 7.96781552187782
-3.31944023445249 0.292776538994897
-0.310404755175114 20.7847361099138
3.48725845292211 0.628039972081654
2.76234934292734 -0.407463720617516
1.72949373535812 12.8383361194599
-3.00954921357334 -0.557933403724379
0.758619690313935 19.8772156928007
3.91882241144776 4.42773827670921
0.923267902806401 17.5638370072003
-1.81537866406143 8.97692841565394
-3.49034525454044 1.02772995164478
-3.42157379537821 -1.51392152387785
2.98808971233666 -1.73902724658303
-1.09740002639592 17.5616197754787
3.56497719325125 -0.0467554866277127
0.466551519930363 18.0031643886708
0.101289207115769 19.9742860315918
3.5821733083576 1.50191341368735
-3.12158723548055 2.28550891318355
2.55126040428877 2.37920995522602
-0.981263145804405 16.2648456049433
0.453128382563591 19.3796365147789
-1.48903050646186 10.9342377887564
-3.34125695750117 -4.58132738407951
2.23950033821166 5.77187377803103
-2.45412217266858 1.35625320741844
1.24468374066055 12.2487535271217
-0.518823573365808 20.2964053633948
-2.42281338758767 2.03476169433271
3.9572833776474 4.43716975686957
-0.426057068631053 20.3199477113898
-3.74858668632805 1.14660872938862
3.49613246507943 0.875149274128367
2.96787163428962 0.569747545961596
0.809970267117023 17.1278296277589
-1.60787634924054 11.2600365576567
2.47477020137012 2.51677887061041
3.61713908053935 1.43318131400887
2.81643177010119 -0.153819766448259
-2.98152211308479 -0.506150103330309
3.75105879828334 2.50826176654177
0.456808069720864 18.1020697893901
-3.95708442106843 5.52922749456435
-2.91388864256442 -0.0453718380951262
-3.9532231874764 3.46810320733525
2.53499249741435 1.65010220940203
2.25730870291591 2.477954776915
3.44853028655052 -1.80410732716067
-1.05048094131052 12.6773506831409
3.79563899338245 4.82912240556447
2.58994945511222 1.96884688682125
2.29959090612829 2.98330601464984
0.982606677338481 14.0399445850475
3.73883943073452 2.08932371982306
-0.000652074813842773 10.4949105402367
3.1495647970587 0.047394395777014
-0.791654024273157 14.7302122194416
-0.419667122885585 19.662429799265
3.48623265698552 0.853763500375043
1.46665757894516 12.5838232015863
-3.85469495877624 2.83889157775635
-2.67578625865281 -0.132014419334628
-0.0333240088075399 23.1839698372813
-0.587718175724149 16.9316604723168
3.9364249650389 2.80849981329436
3.11160099133849 1.32907659846157
-1.23395702987909 12.8822283533491
1.64675300009549 9.61186395414035
3.26979749649763 2.19884365493043
1.41034309752285 18.6820874683718
1.11280217021704 7.78180741980943
-2.80316378362477 2.78396365432387
0.809003120288253 17.0571126372715
-1.81799011304975 7.25811626000619
-0.337173031643033 19.406504758735
-2.22197525389493 4.18833125826036
-1.96062786504626 7.47263772059867
1.22950181737542 14.1412593117734
-0.224054710939527 19.5356434954714
-2.71229571476579 1.35330682092326
-1.82335732318461 10.1186252812065
1.703648744151 9.71736492557007
0.906829217448831 17.9895757124649
-2.94302427023649 1.86385274128866
-3.43994197435677 2.24905083831092
3.73012010380626 2.33584301676408
-1.05383777618408 14.6014114747686
1.41963267698884 11.9942601445074
2.76761384308338 0.879330922868439
-2.06679691746831 6.52792968819658
-3.71879207156599 4.34196304431939
0.761921893805265 16.924167613181
2.68952902406454 1.95965963017149
-1.10200631804764 14.7851599428048
-1.34249173291028 9.71898784557919
1.15789064578712 14.5998925679677
3.66892109438777 -0.0759140106749085
0.769629027694464 18.03565536104
0.0822401437908411 19.9790173070429
-2.75788691267371 0.0624000476359817
2.76680804416537 1.46901077389979
-2.2849565949291 5.15370023863428
1.35898595862091 10.1553603834653
0.94205160997808 14.5796816358824
-3.60000178404152 0.666278138336817
3.59519020467997 -5.76150850964474
0.660416252911091 18.5363237891953
2.88763469643891 -3.32964623882032
0.147737994790077 20.8868799982553
-1.87098013237119 4.89855968384491
0.779021307826042 17.7669198771036
2.36460867337883 4.47526886302131
1.51428830064833 9.65687568194594
-0.154946843162179 18.9718788967508
-0.272564889863133 24.0619128583789
0.947298681363463 17.8759843391167
-0.405835885554552 17.9649563524683
0.82166026160121 16.3262663907637
-3.96312820725143 1.38989402363112
3.95995610021055 3.29850198647695
-0.748300412669778 17.057675240148
-3.05638690292835 0.595766459529695
2.95631276257336 0.599478845974777
0.321543652564287 19.3175272764149
3.05278134346008 0.113961621905614
-3.69968128763139 2.25751883035724
3.05147169716656 -0.496846753105523
1.77879735827446 7.77152238239284
2.15848237276077 4.28521202461811
2.90874967165291 3.63192242133474
0.00593682564795017 17.7395042713901
3.40691219456494 -0.296723790312993
-2.33540263772011 0.457009728006065
-3.78315524943173 16.1259567360883
-1.47365542314947 10.8643702087715
1.2808979973197 12.0501414427294
-1.48246959410608 12.9566195903031
3.55569110251963 -3.49621810623749
2.23176463879645 8.34109209122606
-1.28455002978444 9.0866743149359
-0.146829882636666 19.8654266150482
-0.672041609883308 17.3789514778896
2.21067119576037 2.88444116549294
-0.11658395268023 15.7600819494125
-3.87760716676712 2.7639716915817
1.13961036130786 15.9816025457043
-2.12136012129486 6.00176228454529
1.97620706446469 6.24875353957675
-1.63514100387692 0.879218798592838
3.24974553287029 2.67248806339733
2.82659214362502 3.77570840208481
-0.304289784282446 21.5027761518685
-3.42921401374042 -0.0581686938944828
0.622429795563221 19.0664685752185
0.636634672060609 18.3282196746632
3.9486142154783 3.96769093392933
-1.31780468486249 11.2694131286164
1.3344141934067 10.389128537517
3.50844801589847 0.936942061401764
0.598854679614305 20.1426565166598
1.5336913112551 9.22254644129386
-3.28193130344152 0.066191741248575
2.93167395703495 -0.47165217091041
0.00911517441272736 18.7139648475268
-2.2139497268945 3.94217202463423
-0.700646067038178 18.9008414953338
3.09045023657382 0.907143158166281
-0.0352525021880865 18.5461043270301
1.38202982209623 12.9385950438069
-1.73996449634433 -6.2690241544666
2.5364664234221 2.482982267768
-2.0312043633312 6.90015507954498
-1.04283044859767 13.8186378135664
-2.11580483987927 3.441770114802
3.48605540767312 1.06517090276731
-0.679385373368859 17.9329037696131
-2.90040475688875 0.222727938773727
3.31491778418422 0.745825729760221
-1.21886899136007 11.347960315537
2.82344700582325 0.712277077150685
-2.85891856998205 3.22299463348118
-1.12453703209758 12.7264747771505
-2.03595945984125 4.95027118273345
-3.63275242783129 2.00150358307961
2.27638321742415 3.42293913111825
-2.40662612393498 2.77593735284494
-0.865198045969009 16.7820606004006
-1.41150204278529 9.69860377796945
0.816847240552306 17.2181110009059
0.330173436552286 18.4778514410937
3.92658986151218 3.18584905294373
-1.96967160701752 6.88294099898338
1.88215914554894 7.13117835550951
3.82086528837681 4.98198936419955
0.464369934052229 22.7460645168748
-0.858334723860025 16.5937106277851
2.59751407429576 -2.18278149546135
-3.10092431306839 -0.668918507937671
0.286223232746124 20.1346654185622
-0.449347320944071 22.21749293227
-1.80834229849279 7.81041094747034
-2.74113971367478 1.39901189223759
2.97470458969474 1.11532595107815
0.496358850970864 17.7750329120729
0.405518066138029 19.3648463785845
0.738922284916043 16.8908371617816
1.82250290177763 7.04253742518131
1.11140227690339 14.7233983082371
0.915601318702102 17.3572092097567
-3.58066519536078 3.59175107494826
0.521262023597956 18.5527296973659
0.698731042444706 18.3706345814386
1.02853660099208 15.8176154887636
0.975125160068274 15.3406859009216
-3.34183966368437 1.02920752394572
-3.37885910272598 -1.10251723556103
1.49675751850009 10.4102845184728
2.64242873899639 2.1986449399063
-2.83272099867463 0.295633915129978
2.26824057847261 1.58586835867313
-0.108399366959929 20.5772287962263
3.91412084363401 2.50446570049171
-0.0071603637188673 19.7557661599784
0.498084280639887 18.9689138843904
-0.973943835124373 18.3816816224541
0.149097578600049 18.3528971346374
-3.40572966262698 1.61342736153084
0.307778753340244 19.8039515127074
3.6884880065918 0.963019885499761
0.222481116652489 19.6885270267093
-0.502724384889007 17.9924929274784
-3.74186402745545 1.35074597208292
-3.69812655448914 0.598417524428293
-3.62121364846826 2.52515185135744
-2.71232771500945 1.99186649816335
-0.247220853343606 19.616420346797
2.44739179871976 1.41473803868729
-1.75521987117827 7.74350781815028
2.03827188163996 6.35872174214357
0.174606518819928 19.45034375452
-1.68842245452106 9.44855451548505
-3.86098238825798 5.57177893404493
1.34679623879492 20.2727622755692
-3.46419228240848 0.207483344755649
2.69109141454101 0.275288657379438
-2.91725475341082 0.914657266167906
1.24702486768365 16.7490169035025
2.70358183048666 -0.242473275984594
-1.93881603144109 6.60737260855896
-2.91203771904111 1.49750457014943
2.1079073138535 6.89447073214199
-2.30403013341129 0.108387381475574
-1.85624320618808 7.35748271892994
0.254649557173252 19.3663185329234
-0.207065060734749 20.419094888963
-1.01245068013668 18.8146929106655
2.20279942825437 4.5315916673074
0.465631760656834 15.6670758631198
-2.75810703076422 -0.592789211800313
3.91534758731723 3.31034367042787
-2.04442855715752 8.91503421133579
-2.95697190240026 -1.20811762323815
-2.29855091683567 6.24689091110063
-0.959966013208032 14.6402480273678
-1.12303064949811 20.0365655918314
-1.57870360836387 10.5461209384888
-3.64480229094625 2.74242777292051
3.47826682217419 0.985036471996751
0.549736239016056 17.9924084616904
-2.23357803933322 3.63307155848757
3.02368940226734 1.66789861568145
-0.261689549311996 19.062620389549
0.338798517361283 18.6284163668063
2.27518539130688 3.28708559303707
1.18296217918396 14.3607490981137
-2.84085482358932 -0.85259591788318
-1.42690098285675 13.9896772195677
3.60844466090202 1.20054773277563
-2.49441207200289 0.951579243262624
2.00323398783803 4.82590020835457
-0.326732197776437 20.0176303807389
-2.8690796084702 -13.2337654804357
-2.35845539160073 2.11035763240347
1.40234799683094 11.4933236799317
-2.89575831592083 0.808430161240676
-0.675650393590331 19.334090204998
-0.390023745596409 20.7158156124679
0.98357255756855 15.1365543112406
-1.99060562066734 6.29595737355459
-0.286772290244699 18.0204956017543
-2.6759261675179 -0.62714241772866
2.86245162785053 -0.917682744695427
-2.74758482165635 1.26665350077427
-3.29334693029523 -0.886148001166956
3.14734217524529 -0.264131812370466
-1.59503593295813 9.30480590880734
2.01669336855412 1.34683439044995
-0.787146816030145 17.9076842356097
-0.411535151302814 19.9743767289469
