-1.0109645,-0.45120493
0.3140146,1.4428254
-1.4603492,-1.2906935
0.4037098,1.1381006
-1.3236578,1.0478371
1.3891581,-1.2249209
0.9222817,0.14431553
1.558383,-1.4521664
-0.026371997,1.1922565
-0.4135193,0.23365971
1.0470201,1.3742429
-1.1451099,0.12885028
-1.0915978,-1.192441
1.1127013,-0.7070823
-0.36576068,-1.2361429
1.4901482,0.5597684
0.8268723,1.5168045
1.5263911,0.56788105
0.48594174,0.7358834
1.6306101,-1.4225622
-0.003908913,1.4424943
-1.6084781,1.2648044
0.89319724,0.066857174
0.84722507,0.36081478
1.7051103,-1.3059357
-0.16433136,-1.0132021
-0.21670412,-1.1368656
-0.27880678,0.548476
-1.4713122,0.94992995
0.87390125,0.38299748
0.07843908,1.4218928
-1.1152943,-1.3562281
-0.9451819,-1.2137141
-0.31981218,-1.2769736
-0.23451987,-1.1276791
0.18636887,1.6972983
0.7354444,1.2789114
0.9060001,1.2006546
0.19648041,-0.21528618
-0.97913384,-1.2331811
1.5942045,0.19991489
0.06786877,1.4613551
0.10438295,1.454523
-0.9349262,-1.2374167
0.46685624,0.675041
-1.4863428,-1.0362682
0.9526402,1.3920872
-0.7777459,-1.0379092
0.05261727,1.2844714
1.1791414,-0.9049361
-1.5043119,1.1658775
0.7668444,0.43245462
-0.0035039263,-0.8934375
0.531506,1.0365702
0.24505045,1.7003682
-1.2616346,0.5653992
-1.5944324,1.2707603
1.222844,1.253318
-1.2984887,-1.2503481
0.7063881,1.144399
0.7587505,0.6978417
0.03644709,1.256042
-0.9152426,-1.2276415
-1.3338358,0.65814555
1.712203,-1.5979204
-0.5762027,-1.1234521
1.593601,-1.2929093
0.5818515,0.9069489
-0.38420403,-1.2815089
-1.2545794,0.51553965
1.6713343,-0.31051484
1.2919409,-0.7723559
1.040483,-0.47139135
1.0013411,1.5849943
0.1360836,1.2890376
0.31427336,0.4057134
-0.08276978,-0.88328135
-1.4870112,1.091609
-0.38698268,-1.4038361
0.6417261,1.2366602
1.2881134,1.1351241
-0.4342385,-1.3717271
-0.20700975,0.774261
-1.2769514,-1.2381128
-1.2841077,-1.0860932
-0.4133143,0.27519485
0.693037,0.71358055
-1.3184357,-1.2953045
0.63056576,1.2232255
-1.7006761,-0.18145971
-1.0387973,-1.2533785
-0.5349675,-1.1692071
1.6489898,-1.4047244
-0.65786475,-1.05047
-1.1400881,-1.335696
0.49495646,1.2685344
-1.669762,1.6419691
1.463585,-1.3691828
-0.4826218,0.17661768
0.2017291,1.5302303
-0.80692273,-0.6604729
1.5157037,-1.1788049
0.5204295,1.144834
-0.5453548,-0.39745927
-0.5749954,-0.35275456
0.7593191,0.59449977
1.639098,-1.3950937
0.11991663,1.2720389
0.7450132,1.7381929
-1.0048,-0.25938916
-0.5977796,-0.6745744
1.6271619,-1.5532427
0.89855087,0.08369928
0.96704906,0.02925238
1.2111126,-0.5916238
-0.6144578,-0.78801495
-1.1867774,-1.5703799
0.34097636,1.3262144
-0.24144389,-1.0188726
1.0727248,-0.46033373
-1.4377736,0.98236954
1.4933939,0.67597455
1.55766,0.049475975
0.50928354,0.7593977
-0.43616337,0.13766868
-0.8822151,-0.5991009
0.42505044,0.57300967
-1.6455814,1.328754
0.28573284,1.5583422
-0.15657118,-0.8361634
1.3745302,0.9124541
0.5108089,0.71605986
-0.7248733,-0.59239507
1.1624953,-0.6298873
1.4178935,0.74391204
1.685992,-0.18566144
-1.5536152,1.2923881
0.63404363,1.1301373
-0.5071586,-1.3247418
0.49427804,0.5938776
0.17625709,-0.068321526
-1.0438672,-1.3851068
0.49773017,1.2269137
-0.9392665,-0.5696083
1.682805,-0.030010952
0.9289743,1.1880982
-0.7282162,-0.775573
0.46235517,1.0222683
-1.2765659,-1.3382975
-1.6019633,1.4094154
1.3612897,-0.98707974
-0.37110016,-1.1425896
-1.6119128,0.9985284
-1.0566558,0.08517153
1.6234416,-1.2311561
1.0743191,1.211569
-0.062036157,1.2762384
0.9313601,1.7097958
0.8284699,0.14917067
-0.730929,-0.859742
-0.0966365,-0.9094547
0.5515476,1.071141
-0.97072756,-0.36813533
-0.8539689,-0.83323354
0.67354083,0.9500723
-0.50976604,-1.3553447
1.0942163,-0.30797684
-0.8830595,-0.4457548
0.0049760044,-0.6959361
1.4079543,0.6937772
1.1645908,-0.62049514
-1.3811241,0.8487219
-0.22948818,-1.2198848
-0.143587,0.9927474
-0.8101712,-0.95021796
0.30331847,1.1624495
0.9066307,0.035165273
0.581702,1.1064565
-0.43052715,-1.2762198
1.1379511,-0.49993134
1.3316374,-0.9783718
0.33395296,1.2670201
1.7296058,-0.37057328
0.41566405,0.3737484
1.0259073,-0.3665227
-1.6496205,1.271069
-0.25967127,0.6768965
0.72196245,1.3549823
0.23827274,0.0809759
-1.101795,-0.14360557
-0.8807053,-1.3449394
-0.44425485,0.038309436
0.098730706,1.4724095
-0.65444076,-0.586566
0.19665983,-0.32427627
1.0122014,1.3886355
1.6564627,0.07163141
0.5102625,1.1062355
-0.7333763,-0.79924875
0.67595565,1.1884882
0.9612983,-0.25906852
0.28906974,0.22112387
-1.066193,-0.024589326
-0.62114793,-0.74549764
1.1457725,-0.5805731
-0.36823985,0.13710508
1.3452152,0.9066182
1.2198969,-0.77059865
-0.02367905,1.1047763
-0.8597663,-0.7455284
1.7043526,-1.436848
-1.3643676,0.68173355
-1.1136768,-1.1292195
-1.3663568,-1.006343
-1.44857,1.0888368
1.0716461,-0.6206479
0.13118292,1.2217731
1.5870234,0.26252803
1.080473,-0.1454083
-0.60379577,-1.2175853
0.7183708,1.2999902
0.90468967,1.5580022
-0.88164556,-1.0511972
-1.0714589,-1.3358939
1.2053078,-0.7367969
0.28959566,1.6634259
1.1783333,-1.0137123
-0.25830266,0.55576026
0.351257,0.5064604
1.296959,1.1076306
-1.0098747,-0.26045316
-0.045278437,1.053001
0.276508,1.7772614
1.4278543,-1.048621
-0.51487625,-0.6298439
0.6997499,1.3880714
-0.6140612,-0.54670626
1.3078475,1.1847173
-1.7147951,-0.0565073
0.9041889,1.7296492
0.49349713,1.5600852
-0.2664287,-1.1290517
-1.6599834,1.2762827
0.56449986,1.1105447
-1.5581021,1.5465046
-1.244007,0.5677451
-0.20311001,0.78686786
-0.65059495,-0.32569432
-0.2146265,-1.2871774
1.7244684,-1.3548822
0.118405186,1.4523541
0.927044,0.12529074
0.77838653,1.3594041
0.46934906,1.3329674
-0.83683485,-1.0049113
-0.36375132,0.2554164
0.6136489,1.0304145
-1.1098232,-1.3114891
-1.1706743,-1.5013381
-1.6187773,1.3297288
-0.031276558,-0.22436641
0.36493474,0.4408241
-0.19210042,0.79890305
-0.36767617,0.3516603
-1.5423286,1.1099366
-1.0732338,-0.12896438
-0.95819056,-1.0550501
0.5469632,1.2131582
-1.3268452,-1.1606327
1.2204996,-0.7530688
0.284723,1.2345096
-1.3377575,-0.93834674
0.704243,1.4361036
0.8035819,1.4169886
-0.876422,-1.268913
-0.75936997,-0.8244948
-0.70809966,-0.7712044
1.52511,-1.3496687
-0.9589674,-1.2651395
0.37600923,0.76374567
1.2418296,1.2162824
1.1347489,1.3258318
-0.5510924,-1.2331713
0.11419464,-0.3261705
0.07977834,-0.60547876
-1.1595912,0.3450734
-0.9301296,-1.4560064
-1.2820139,-1.2320203
-1.3551447,-1.3517529
0.027810354,-0.6729362
-1.3864814,1.0002606
0.701658,0.63498145
0.9684122,-0.13452758
-1.1418635,-1.3240333
-1.1821933,0.26566404
-0.7607687,-1.1017848
0.014923512,1.0103488
-0.45017678,0.0027252883
1.3095516,1.1678358
0.050678506,-0.63981926
1.7406588,-1.2038549
-1.4938042,-0.6060414
-1.4140716,0.88707066
1.554043,0.2828883
-0.32649326,0.64816916
1.6555651,-0.043542523
1.7534639,-0.16522342
-1.2070264,-1.2805228
-0.67645705,-1.0293458
-0.8341094,-0.9057347
1.3474768,0.9154348
-1.4577577,0.9218282
1.443545,0.82447463
-0.12749699,0.8494158
0.6529977,1.484626
-0.39161977,0.037765816
-1.5204142,1.2966492
-0.21900412,0.8371606
-1.6544303,1.1996356
-0.34279874,-1.5997685
-1.7173033,-0.15464
1.1365007,1.2121065
-0.34329015,-1.3551075
1.317289,1.0310267
-1.0707928,0.1098561
1.086862,-0.2347836
1.220299,1.1046406
-0.9871071,-0.2553845
-0.094990745,-0.719425
-1.238172,-1.2679868
-1.510492,1.1357822
-0.9709264,-1.3228668
0.0061280313,1.1733756
0.43985328,0.8747278
1.0930836,-0.33628735
-0.11201735,-0.8448121
0.69731385,0.785298
-0.95024604,-0.1046746
-1.303164,0.84815216
0.95411384,0.060857262
-0.14516452,-0.94243926
-0.8914674,-1.1270245
0.16996326,1.5757036
-1.1160452,-1.3898755
-1.5541557,1.2189744
1.251725,1.0074916
-0.6875992,-0.63834155
-0.55805904,-1.1567043
-0.91459453,-0.5160221
-0.7063374,-0.75182486
-1.3108802,-1.0860494
-1.3201746,0.7553703
-0.76834327,-1.0719147
0.44131005,0.7401795
1.1731844,-0.7336714
0.3593672,0.39619163
-1.1854682,-1.4176677
-0.845875,-1.0582942
0.0749597,-0.43293068
1.0359124,-0.495709
-1.0059022,-1.5534998
-0.5979357,-1.0891091
0.38259104,1.5502126
1.0382419,-0.37288025
-1.4552919,1.164736
-0.94608724,-1.1729193
1.1597394,-0.39826128
-1.3621473,0.8143909
-0.17723301,1.0096179
1.4523525,-1.11371
1.2145778,0.9886687
1.523878,-1.3136377
-1.6446369,1.329159
1.1674322,1.3307444
1.1918032,-0.5545664
0.8226545,1.4178654
-1.2713838,0.37885693
-1.6143006,1.6083877
-0.244037,0.8181778
0.002584424,-0.48563004
-1.2893419,-1.2103374
0.657626,0.95278025
0.9171855,0.29431728
1.2478873,-0.8947552
0.8517452,0.24270172
-1.017709,-1.1224923
0.19293919,0.015152995
0.38919285,0.7148884
1.3251302,-1.0680323
-0.6800141,-0.8273062
0.3860628,0.21467151
1.0555888,-0.56318
0.08102303,-0.20697784
-0.17810915,0.7878942
-1.3139004,-1.1808006
1.2153635,-0.8472035
-0.48815712,-1.579721
-1.3416449,-1.1398375
-0.6971345,-1.1676916
1.5605428,-0.018457733
-0.3685856,0.28406027
0.05154105,1.3186668
1.5481938,-1.4162018
-1.6340226,-0.6664677
1.0480057,-0.095549524
-0.7466103,-0.92155045
0.38480517,0.38083956
-0.17510636,-1.0298492
0.009945676,-0.6997249
-0.16341358,-0.9966336
-0.70352954,-1.0460769
-1.7015036,-0.4649696
-0.20055163,0.492394
0.72009957,1.621718
1.2742543,-0.85584974
-1.3650438,0.88076156
-1.4280535,1.006166
-0.9534934,-0.6137089
0.20438868,-0.048491612
1.0831603,-0.21299131
0.70596296,0.6634341
0.2955959,0.061649468
-1.5290333,-0.8807005
-0.89894336,-0.72774595
-0.5057843,-0.39319485
0.86249685,0.21186066
-1.4754578,0.8131775
-0.6522404,-1.0656167
-1.2346689,0.5757197
0.38555443,0.41967565
0.9411218,1.4148371
1.0494113,-0.3514754
0.77013385,0.53692245
-1.3499843,-1.2791137
0.64249474,1.1575251
0.6899965,1.2425796
1.1904932,1.3855355
0.4616713,1.3168085
1.3525801,-1.2574847
1.3902012,0.9387724
-1.1279889,0.018481651
-1.2662461,-1.1183146
-1.0721846,-1.4973911
0.66750264,1.2921152
-1.0034244,-0.25688487
0.78214955,1.4270035
0.77906513,0.5200425
1.2520915,0.925708
1.0008467,1.6144245
0.17671858,-0.2581511
-0.936732,-1.0499393
-1.0979831,-0.036857255
0.8187606,0.59574044
-1.511163,-0.8250192
-1.6616668,1.4819765
-1.1543956,-1.3746235
-1.454575,1.1627065
-0.6878098,-1.1417809
0.67689544,0.9791085
-0.035883196,-0.47464636
0.326636,0.43699732
1.3562349,0.91649467
0.16356415,-0.44090056
-0.81971645,-1.2976933
0.20716779,-0.10614649
0.55466026,1.3525257
-0.10973343,-1.2506291
0.07356049,-0.43434855
0.1975007,1.6743858
-0.21182884,0.77851754
1.7324208,-1.3580333
-0.1799813,0.78874296
-0.08071862,-0.86046743
-0.62504166,-1.2708076
1.2091326,-1.045184
0.49957603,1.0206184
0.38096175,0.27774554
1.5228858,-1.3903108
0.3336454,1.4409645
-1.4468843,-0.9746249
0.8373429,1.3903662
0.3946332,1.1316963
-1.4629871,1.0942932
0.30221215,1.3811122
-0.8547568,-0.9466322
0.873418,1.469541
1.6652834,-0.38961503
-1.6114895,1.4096988
-0.9441483,-1.1819041
0.87336016,0.22802661
1.4369158,-0.98763657
-0.1133131,-0.86644584
0.38766307,1.3294064
-0.32939187,0.32553682
-0.5317127,-1.4482499
0.19054611,0.082180575
1.680314,-0.08375527
1.245203,1.0699165
-1.5224967,1.2258455
0.6927679,0.92907107
1.3773708,1.0330161
-0.11234506,-1.0365483
0.26824397,0.20541778
1.699934,-1.2597843
1.4173465,-1.1293861
0.8033304,0.22613406
-0.21942937,0.8874244
0.7297936,1.4077442
-0.75659156,-0.7896427
0.76571065,0.6128966
-0.66301566,-1.2509074
1.6192882,0.18479683
0.2839352,0.22874314
0.90756285,0.038004465
-0.1499635,-0.9150948
-0.6199196,-0.5121059
1.2862892,-1.0127621
0.35194302,1.359027
0.74357474,1.2650319
0.67836356,0.7455463
0.016360866,1.1913358
-0.36824697,-1.4062011
0.58958393,0.9825835
-0.9505775,-1.156966
-0.5406922,-0.16637494
0.1686242,-0.27032182
-0.56766665,-1.0216057
1.6616783,-1.0376883
-0.23054065,0.38504156
1.3835325,0.6686619
0.4856019,1.1988164
-0.99885845,-0.3597063
-0.13457324,-0.93384004
-0.13948241,-1.1589073
-0.62043166,-0.7689008
-0.94099534,-1.2890135
0.46186942,1.1674734
0.26834533,0.061120175
0.11321442,1.1683314
-0.57279164,-1.4008552
0.3262577,0.667486
1.0149611,-0.16144377
0.49921128,1.1429304
-0.10234536,-0.8429227
-0.57046795,-1.2026384
0.14198518,-0.45484507
0.044060007,1.3887405
-1.256844,-1.2703681
-0.020623894,-0.8823538
0.48434013,1.3203073
1.0661108,1.201966
1.738947,-0.62511635
1.5863006,-1.4299107
0.14159563,-0.25063416
-0.011420228,-0.6119456
0.27637202,1.4401538
1.189119,-0.85738426
-0.17157154,1.0949527
-0.67383105,-1.0924433
0.55449766,1.2502079
1.1381546,-0.46503696
-0.29769352,-1.4015138
-0.40883347,-1.5761484
0.19527464,0.18183246
-1.2853726,-1.2962483
1.5506759,-1.0896488
-1.3509827,0.6834
0.7671569,1.3716992
-1.2303424,-1.431037
-0.47046006,-1.2229598
-1.4929984,0.8586515
-0.34437454,-1.4187393
1.3373586,-0.87913954
0.70324546,1.1117967
-0.5727772,-1.2067916
-0.48997724,-1.3947124
-1.2445927,-1.0923791
0.75272816,1.0648873
0.2083327,0.042162508
1.5932926,-1.3562417
-1.1286436,0.23822276
-0.46215788,-1.3955245
-1.5575867,1.2831903
-1.0264484,-1.1413742
-0.43026233,0.026430305
0.030029584,1.3518176
1.194452,1.479816
-0.42411086,0.42654145
1.4299102,0.49055973
-1.4066713,-1.0988057
-1.1864821,0.31790045
-0.41967937,0.36196238
-0.08721551,0.9675205
0.7808253,0.48553467
-0.7300642,-1.0163205
0.058547936,-0.4511481
1.317821,0.8505853
0.45371184,1.26596
-0.59232485,-0.9866287
-0.716565,-0.98283565
1.4328594,0.6981012
1.0263021,-0.11297857
0.58298814,1.375446
-0.7876215,-0.9346024
0.92178047,0.066147
1.2139744,-0.90056556
-0.42846966,-1.4241201
1.0050663,1.3217494
0.12728466,1.1958873
1.3704675,-1.1530485
0.80151606,0.44209978
-0.22623295,0.95997214
0.45563504,0.85723513
-0.13574962,-1.2583823
0.46842867,0.6672711
-1.131344,-1.155206
-0.36985284,-1.3403925
-1.5380888,-0.7687905
-1.3679883,-1.1776406
-1.4273506,0.9589519
0.011595382,-0.49428713
-1.3264873,0.6161097
-0.81986606,-0.88228565
-1.6148524,1.5842904
-0.6384863,-0.44889864
0.9756131,-0.1369996
-0.38947436,-1.2349585
-1.6789925,1.3688847
-0.22434483,0.66565716
-0.014762698,-0.56710565
1.0844501,-0.41590032
0.48282573,1.2660966
0.57354164,0.98100984
-0.0462768,-0.89603
-1.3516237,0.83504725
-1.3445711,-1.0820966
0.5131195,1.3253837
-0.47384402,-0.08256622
-0.09188348,-1.0409745
-0.88472116,-0.6287185
1.4084817,-1.134416
-1.2219656,0.39981428
-1.7116352,-0.22218105
-0.66625404,-0.3711898
-1.0453974,-1.5367103
-1.3808866,-1.063899
-0.25663358,-1.2015555
-1.1549834,-1.1165316
-1.1077399,-0.055214517
-0.20605661,0.7402899
1.301372,-0.761454
-0.081806265,1.1268927
0.034897644,-0.493095
-0.6276109,-1.048747
0.67122597,0.803176
0.01419206,-0.36386314
-0.48643804,-0.121065564
-1.0853143,-1.3834358
0.20653035,-0.05603642
-0.71901435,-0.6424366
1.0376959,-0.2702496
-1.058074,-1.1414856
-1.5449358,1.3563392
-0.30476236,-1.2981826
1.400698,-1.170113
1.3059579,1.0473154
0.5800469,1.267175
0.599611,0.84938896
0.062233627,1.1174179
0.90953666,0.16699447
1.0031707,0.2548918
-1.3687443,1.0208884
-1.4467559,0.7281047
-1.2397307,-1.4986604
-1.2575225,0.5464028
-0.6642659,-0.99987453
0.14165093,1.4789826
-0.26039416,-1.1909811
-1.4212115,0.98154104
-0.56744313,-1.0507622
-0.9259345,-0.61254126
1.1593797,1.4582231
-1.2424589,0.5221845
-0.474745,-1.2842113
0.94332355,0.14423671
0.9648441,1.3523027
1.288513,-0.7420736
0.40065297,0.59249467
0.09575566,-0.36854368
-0.16906987,-0.8670608
0.3464386,1.6742263
0.7291976,1.3029113
1.3709837,0.778809
-0.9126838,-1.1913823
-1.5501187,-0.8083652
-0.56693923,-0.4162579
-1.6533701,1.1582743
-1.0059677,-1.1396654
-0.7118658,-0.6805833
1.6530634,0.101596326
-0.8155405,-0.88884324
-0.9623792,-0.31659478
1.2843632,-0.9540883
-0.8564957,-1.0326761
1.445569,0.67457205
1.5968704,-0.027457468
-0.22906174,-1.1168869
1.7455475,-0.38094196
-1.351602,0.9741006
-1.6010377,-0.47022688
0.07003721,1.2511792
1.6353804,0.09742417
-0.5591497,-0.19110087
-0.23921683,-1.4343495
-0.70476466,-0.54091495
-0.41778037,-0.028778754
0.772224,0.6649331
0.0368861,-0.48567784
-0.6111789,-0.62325656
-1.6531104,-0.39980924
-0.6099978,-0.35788518
-1.0660805,-1.423778
-1.6191621,1.472047
-0.821905,-0.6429922
-0.08054212,1.0983758
0.8876,1.4582744
-0.8110018,-0.9932887
-1.0124726,-1.4704245
-1.6768221,-0.38160172
1.3904954,0.8578982
1.7090064,0.041324135
0.46887803,1.2824669
1.3777221,-1.2078881
-1.050292,-1.2078642
0.6255785,1.1437383
1.0714469,1.3582159
1.0248954,-0.2419955
-0.2854372,0.8072946
-0.515402,-1.3410025
-1.3056145,0.35993445
0.4529767,1.2576764
-0.34244075,0.19160162
0.18150628,1.3779544
1.1342175,1.2818668
0.5272909,0.99561054
-1.018181,-0.41149023
-0.36271802,-1.1775948
-0.3001631,-1.3170274
0.18876679,1.531133
-1.4021233,1.2368828
1.2806615,0.8991934
0.1893943,-0.12863679
1.2449713,1.2393866
1.3990986,-1.1221527
-0.5425447,-1.1067064
-1.1566046,-1.2328188
1.0040576,-0.26072583
0.17913814,-0.010183575
-0.8416888,-0.72622937
0.32522047,0.46631873
0.29639187,1.5305191
-1.1612314,0.12468566
0.7680275,1.4216049
-0.7121757,-0.6216283
-1.4037217,-1.2925394
-0.26621145,-1.3001742
-0.6138451,-1.2250601
-1.0341425,-0.36148787
1.3940674,-1.4111776
-0.12609111,1.0701689
0.27346998,0.19177173
0.7458198,1.2676306
-0.4962632,-1.274883
-1.6096013,1.4641153
0.6746966,1.2005451
-1.4795033,-0.63775665
0.47001478,0.89771533
-0.235643,0.52213645
0.6046909,0.86853397
0.9987519,-0.07871926
-0.88282,-0.69146276
-1.3188932,-1.3596276
-0.30285487,0.25690147
-0.5867877,-0.16946274
1.7357414,-1.0660908
-0.3890833,-1.2590557
0.047390513,-0.48813787
-0.8058282,-0.78698206
1.2170994,-0.53561854
0.6491736,0.8787131
0.239022,1.4083024
1.7390232,-1.2893959
1.3275731,-1.3692266
0.1838611,1.2406541
0.6066736,0.9659794
1.6302491,-1.2418774
0.34897956,1.5932162
-0.3615695,-1.2886574
0.3853365,0.8106844
-1.7129945,-0.19758084
0.37425035,0.32066223
0.086436406,1.3761065
-0.009651523,1.2489886
-1.7099335,1.3284918
-1.1863965,-1.567192
-1.6802465,-0.3345568
-1.1329888,0.062008057
-0.37212455,0.45862946
-1.4106406,0.9018474
-1.7196932,1.6210009
1.3544257,-1.0914549
-0.43202716,0.18515243
1.6110493,-1.1448356
0.19866866,0.1139608
-1.2226484,0.68849516
0.97421074,-0.09891749
0.5999931,1.2824862
-0.98004556,-1.3722516
0.31218883,0.12919007
-0.50339454,-1.4233034
1.263312,1.1073031
0.97836196,1.5332876
0.51577735,1.1419517
1.1749942,1.2994888
0.20053558,0.15135442
-0.01710348,1.3340195
-0.035497334,1.1489146
-0.2960999,-1.3244967
-1.0861281,-1.2660167
1.014044,1.599133
0.09008526,1.4486511
-1.5244466,1.2872803
-0.123813465,-0.9413494
-1.6251248,1.2384521
-0.9472979,-0.47388527
0.99258006,0.079654455
0.22041163,-0.24674243
0.3787433,1.4778575
-0.50975865,-0.3549954
1.558381,0.37783158
1.5914958,0.1563057
1.2693782,-0.9721088
-1.171751,-1.2138141
-1.0604317,-0.23185177
0.6220969,1.062441
0.18065746,0.06601631
0.2371573,1.6174716
1.411961,0.74649394
0.039293613,-0.33358923
-0.43659177,0.348686
0.8932628,0.29577842
0.08444603,1.3414619
-1.1405025,-1.5653268
1.1849813,-0.6841979
-0.96744347,-0.6848626
0.7279642,0.69888014
0.80577123,1.5380101
1.4735032,-1.341814
1.7541037,-0.28203437
1.4123714,0.9885886
1.4324818,-1.2657799
0.4096062,0.6527567
-1.0087757,-0.39465344
-0.9898779,-1.393708
1.2518163,1.1101127
-0.8345079,-0.82045627
0.32850558,1.4782541
0.21732841,0.080414474
-1.2029252,-1.3797059
1.5070313,-1.1791059
-0.14066514,-0.8950075
-0.352758,-1.1666979
1.0544531,1.53798
0.60766155,1.3043128
-0.0019261172,1.4021641
-0.76886165,-1.0481211
1.0504972,-0.45670244
-0.27684638,0.608144
0.23657496,1.1337402
1.709486,-1.0973977
-0.30057314,0.80972964
-0.75124246,-0.75945747
-0.48089385,0.027459506
-1.6322092,-0.4086512
-0.8216643,-0.78156763
-0.58828217,-1.189122
-0.019674586,-0.5259112
0.87009424,0.35766345
-0.02372263,1.2623734
-0.5887649,-1.3335687
-0.6311947,-1.197245
-0.09713135,1.3861375
-0.17641382,0.7741267
1.2219967,-0.88377064
0.2044232,-0.16655988
-1.5195335,-0.95377046
1.5028626,-1.3726732
1.5775512,0.018459491
-1.3514856,0.9805801
0.7097199,0.6317631
0.33585894,0.7481251
-0.14191164,-1.3453753
0.39674503,1.5389913
0.44977126,0.706404
1.0529165,1.4450024
-1.3157939,-1.2794889
0.4490632,1.275343
0.3349552,1.3973849
1.1245922,1.0728086
-1.2269047,0.39474863
-0.4319556,-1.4804723
-0.7215032,-0.76461625
-0.782436,-0.93367016
0.8078919,1.4940548
-1.4718606,1.1242181
1.7658062,-0.295934
-1.0237913,-0.3380008
1.3584689,-1.2692277
-1.1470106,0.22128876
-0.1823525,0.8366837
0.33058262,1.4427856
-0.41899422,-1.4644839
0.1242071,-0.16243455
-1.428611,0.73259735
1.5444051,0.26292834
-0.6113775,-0.32739577
-0.5587,-1.3803217
1.3016267,1.082712
-1.4984523,1.0637331
1.5712755,-1.2551281
0.87044257,1.3733033
-1.5223069,1.3935544
-1.205629,0.33185694
-0.8310631,-0.724741
-1.1149603,-1.4411448
0.65230995,0.8182772
-0.6229802,-0.10529592
-0.9878375,-0.109369196
-0.99500334,-0.2670141
1.4778389,-1.3816401
0.15539259,1.2655538
1.700022,-1.0663495
0.5137291,0.88113517
1.1032342,1.0261465
1.0529712,1.2873579
-1.620747,1.3172382
0.16229524,-0.11417216
0.011767755,-0.66073096
1.5528961,-1.3017548
0.6888454,1.3234688
0.3908036,1.4344678
-1.3040284,0.44372118
-0.44503796,-1.5520217
-0.59273356,-1.2016729
0.08289872,1.2895697
0.90608186,0.46495163
0.99087775,-0.07603042
-0.89919096,-0.56568706
-0.5277565,-0.08689346
-1.5075961,1.0885493
0.35630885,0.27285206
0.7057847,0.8251063
-0.05202132,-0.7220884
-0.05871998,1.284585
0.78503644,0.35878706
0.54204506,1.0165671
-1.2814089,0.29130846
-1.515703,-0.9188668
0.24800043,0.2515809
1.0502365,-0.43194947
0.8027578,0.5651034
-1.6147965,1.3048147
0.8099759,1.1916515
-0.0032139057,1.2834623
0.9366884,1.1890163
-0.65573925,-1.061462
-0.6750182,-1.2472509
-1.1181468,0.13784175
-1.0175894,-0.35008672
0.73313195,0.7822652
-1.4921521,1.1845751
0.7591535,1.4325639
0.12556979,1.5543275
1.0676227,1.562976
0.34808576,1.2230066
-0.0072161425,1.141823
0.86142445,1.4839952
-0.97661686,-1.3710262
-1.0384628,-0.30271697
-0.13852508,0.8654063
-1.2292769,0.35235602
0.8053541,0.56235796
0.5570402,1.0285561
0.8512822,1.7010568
0.28263542,-0.20277019
-1.1278793,0.1033968
-1.1312056,0.2220023
-1.6651978,-0.5265947
0.52148604,0.76377255
-0.22780429,0.8836561
1.5997992,-1.1634873
1.0385705,-0.4135569
-0.8403305,-1.030182
0.16589248,1.4421191
0.1906535,-0.0918887
1.4209704,-0.9860917
-1.0674049,-1.3547988
0.41685525,1.2427503
-0.20793027,0.74850607
1.4807243,-1.1407949
-0.4187535,0.11887471
-0.43552646,0.2163345
1.6860043,-0.3438405
1.373733,0.8316144
-0.43713546,-1.4220842
-1.2754043,0.2969854
1.5701991,-0.0026326152
1.0824732,-0.5323664
0.9185249,1.4414787
0.8012838,0.69034153
0.44603118,1.5237232
0.7409077,0.52196944
-0.9448445,-0.29825836
-0.2474634,0.685485
1.0750355,1.4225919
-1.1203521,-1.2438473
1.2762616,-0.80648273
-1.0144932,-1.1691172
0.65906227,0.6348875
0.652371,1.1593018
0.93731683,0.21337672
1.6875454,-0.40342608
-0.9020121,-0.62660265
0.84118104,0.0130190905
1.2046949,-0.7467499
-0.7497057,-0.8336911
0.18748024,-0.12764095
0.9593081,-0.14299715
0.7908502,0.6371049
-0.96674883,-1.272615
-0.46296635,0.13583276
-0.6474427,-1.1745932
-0.057333883,-0.9885241
0.0133128585,-0.7856342
1.6971217,-1.1289814
0.03763826,-0.4976178
1.7473042,-0.30890396
-0.48877266,0.027317055
-0.12303814,0.95919025
0.10993964,-0.38332006
-0.20539182,0.80762047
-0.72639126,-1.0567917
0.38838083,0.5908456
1.7053493,-0.3960569
0.5479039,0.8631418
1.6052449,-0.07342128
-1.198242,-1.174385
-0.63504106,-0.7262882
1.1228967,-0.5322915
1.0217321,-0.41961053
-0.7195302,-0.8003465
1.737644,-0.1760347
-0.90420467,-1.1975785
-0.04701707,1.1437639
1.0769662,-0.41208223
-0.46827418,-1.2586254
-0.38323152,-1.3184297
-0.47411892,-1.0475566
-1.4044714,0.82494223
0.80249953,1.2092495
-0.18825263,-1.1912911
0.9711132,-0.22388773
1.5511428,-1.2944155
-1.1297978,0.0069303783
0.013879938,-0.4142648
0.8060178,1.5155928
-0.77510947,-0.89598924
-1.0223374,-1.4583088
1.1314151,-0.5579888
0.063540995,1.2154431
0.75795853,1.3392493
0.39870915,1.4991461
-0.06594214,1.5598094
1.6691786,-1.5409069
0.87052375,1.3703355
-1.3009872,0.55849564
-1.1426461,-1.4797976
-0.7766858,-0.97847235
-0.4465283,-1.514708
-0.79904366,-1.1481661
1.0940765,-0.5459271
-1.7187724,-0.42987126
1.3453568,-1.2015209
1.258395,-0.718337
-0.50455534,0.21698923
-1.1036316,-1.1409873
-1.1432902,-1.2435659
1.305447,1.0465434
-1.665999,1.605624
1.1984085,-0.70968145
0.82193965,1.5838012
-0.569214,-0.35843933
0.66976476,1.0839947
1.7598274,-0.5656123
-0.20074265,0.82801837
0.77339303,1.3842938
-1.5709693,-0.7222105
-0.22209269,-1.1145924
-0.3867185,0.26108316
0.83777636,1.5153279
-0.23946795,0.69260734
0.59092706,1.1440971
-1.4421484,1.0107149
-1.4630394,1.044979
-0.25466475,-1.4332857
0.8511041,1.2521896
-1.1955248,-1.2016141
-0.31294748,-1.2026376
-0.80624765,-0.8134028
1.624223,-0.11190799
-0.63011503,-0.8388548
0.91687775,0.33527204
1.1999848,1.0390598
1.6620526,-1.2482651
1.4138181,0.76829076
-0.35381603,-1.1053828
0.91762555,0.22088517
0.50487953,0.70370084
-0.3926414,-1.612395
-0.97962445,-1.4348029
-0.09890377,1.0787407
1.2884085,1.1239314
1.175559,1.2100143
-1.6051716,-0.6949594
0.607082,1.206944
-1.6523975,1.3388268
1.3362606,1.0105785
-0.81422377,-1.082117
0.89868426,1.3057088
-1.319209,0.61121964
-1.6907628,-0.2767188
1.362885,0.8149177
1.355286,0.9982841
-0.5732068,-1.3113
0.23878157,1.4943374
-1.138154,-1.6183573
-1.2451319,-1.4418333
1.289098,-0.84254944
0.6046142,1.2108005
0.5982222,1.0635152
1.2145648,-1.0107949
-1.2168015,0.4860886
0.04977119,1.1852587
-0.04759812,1.0244019
0.33429798,1.334133
-1.0152258,-1.1431276
0.6378305,0.88771
1.1054085,1.1593286
0.19959515,0.11376495
-1.6293144,1.1802257
-0.96293044,-0.4424386
1.0078624,1.4151866
0.21233939,0.030468248
-0.7371722,-0.92686075
1.3270915,-0.7969754
1.6142856,0.22766791
0.05219747,1.4238647
-0.07310476,-0.83235496
-1.5345109,-0.8594933
-0.44795516,-1.563305
-1.215563,-1.3901668
1.0036422,-0.37831116
-0.7137567,-1.2067132
-0.45411414,-1.7147382
-0.8697963,-0.89787596
1.5809218,-1.5811625
-0.0630803,-0.9661444
-1.5369099,-0.75932574
0.57751393,1.080464
1.063975,1.40238
-1.4374589,-1.1303939
-1.0800916,0.09450826
-1.2167518,0.23635016
-0.012105439,-0.7381141
0.9058495,1.4243122
-0.25094396,0.48462564
-1.1067475,-1.208742
1.004464,-0.2749699
-0.94178605,-0.3930922
0.6605032,1.1113805
-1.5044353,-0.900447
0.3824478,1.1431334
0.14527848,0.0179958
-0.95102566,-0.69801074
0.4273283,0.7296759
-1.6307285,1.6421971
1.0066907,1.5510651
-0.75061125,-1.0747676
0.22631472,0.1651123
1.3263073,0.5854912
0.77495164,0.5136197
1.470043,0.40554744
-0.90516526,-0.8064905
-0.815561,-1.1490535
1.1891,-0.70200634
-1.1900415,-1.1809164
1.036417,1.3518294
0.35481796,0.6361318
0.04935516,1.2509369
1.766234,-0.22450943
0.6020618,1.1293687
-1.646532,-0.25518793
1.6630349,-1.3500992
-0.6854958,-0.99036014
-1.5123975,1.0199735
1.2364745,1.2829741
-0.84768784,-0.8794773
-0.29746574,-1.3177011
1.1459206,-0.57782495
1.449268,-1.1559789
-0.3133538,-1.2733386
-0.88084716,-0.89120346
-0.23325662,-1.2503765
-1.1198834,0.081835076
-0.06220429,1.2501869
-1.141016,0.20774634
0.813592,0.49151546
1.0961598,1.5076051
1.4823258,-1.056138
-0.026636668,1.3937794
-0.20227827,-1.2488248
-1.4328663,0.8718463
-1.7178663,-0.19980147
0.22424492,0.17362468
1.3564181,-1.058726
-0.3604654,-1.211786
0.3499726,1.5954998
1.3168892,-1.1573375
-1.4536119,-0.90690875
0.7671797,0.56422126
-0.9473207,-0.5578761
0.44224072,1.1870615
1.2697471,0.8518693
0.7827985,1.4499362
-0.94994414,-0.80632603
-0.46061817,-0.010816995
0.3412051,0.32582438
-1.6743523,1.4883779
0.58618206,1.2697921
0.6393121,0.8307373
1.029736,-0.2814985
1.4545697,-0.9878015
-0.5877733,-0.9339833
-1.2032651,-1.6944264
0.4827007,0.66592026
-0.9024743,-0.5919785
-0.13297313,-0.91177046
1.291554,-0.89134073
1.1783644,1.3209715
0.35061118,0.46484223
-0.05458365,1.1752989
0.77261657,1.5303953
-0.33285946,-1.5516644
-1.667119,1.2978487
-1.3499998,0.5688498
1.0397255,-0.23914513
-0.96644115,-0.5819413
0.887336,0.17961682
-1.1610441,0.3634288
0.4174601,1.2227025
1.7021708,-0.25836006
-1.2605407,-1.2147998
0.833133,1.2683938
1.5065912,0.78251475
0.06269459,-0.7590989
-0.3988838,-1.1678635
-1.0424609,-0.06902189
1.2346722,1.0865954
-0.48805097,-1.3209724
-1.4993087,-0.8364308
0.54165405,1.0603235
-1.0525695,-1.4504365
0.27778146,1.5222877
-0.4561173,-0.31677034
1.2707334,1.3250222
0.7421024,0.7207254
-1.0942055,0.066644005
1.1850828,-0.57845926
0.34403428,0.43346167
0.50484425,0.875714
-1.2498243,-1.4513432
0.76372325,1.5158958
0.76472753,0.3502565
1.0003778,1.5738144
1.2892176,-0.93104964
-1.5139387,-0.6766332
-1.2737777,0.36477932
-0.6698376,-1.3342758
-0.1922471,0.5804545
-0.5860565,-0.594277
-1.5595658,1.261527
-0.7217782,-0.90637755
1.5869123,-1.4549072
-1.5390862,-0.7728019
-0.8517855,-1.0145608
1.5649,-1.4808953
1.0996572,-0.46958366
-1.4728559,1.2153126
-1.3303593,-1.0871242
-0.49358788,-0.025671463
0.49868846,1.5539819
-0.013004332,1.2772508
0.07864145,-0.6839145
0.08774141,-0.30747783
-1.6991254,1.4090494
-0.7606422,-0.8465883
-1.6623346,1.3176146
-0.91073436,-0.44312444
-1.2957541,0.602084
1.0987827,1.5807716
0.03816135,1.4828681
0.81180173,0.530599
-1.677107,1.4686549
0.78565913,1.706259
-0.71584725,-0.9303732
-1.7071133,-0.15609507
1.751959,-1.2768179
-0.45682186,-1.406324
1.5886533,0.11638159
-0.15160595,0.8584922
-1.715198,-0.34777638
-0.3102018,-1.4358567
0.052368876,1.1624423
0.017741974,1.095796
-0.2839577,-1.2153822
0.2303979,-0.13185355
1.1825649,1.2780017
0.80906874,0.35970932
1.09569,-0.46585628
0.994771,1.5773418
-1.0468199,-0.06656389
-0.72372854,-0.7293682
-0.28754333,-1.2050033
1.1679791,1.4739968
1.0115889,-0.21897349
0.9852208,-0.024480598
-1.3262311,0.45891753
-0.22133932,0.9151031
1.6754373,-0.28656563
0.4211562,0.8740982
1.6202673,0.0612553
-0.6543194,-1.2468351
0.2974167,0.06318129
-0.66434765,-0.50747883
0.99523973,0.06665343
1.6923792,-1.3251531
-1.3978292,-1.2628577
0.10297355,1.4287068
1.4452367,0.7171654
1.2099172,-0.9257299
-1.6715766,1.5342102
-0.08971123,1.1352258
0.22072561,1.4671109
0.99985576,-0.26467067
-1.2768668,0.685885
-0.06906519,-0.9398273
1.0594835,1.1262085
-0.80216444,-0.9812649
1.3049636,-1.0087441
-0.9241818,-1.1646564
-0.6275731,-1.2907174
0.40783355,0.68139327
0.69781786,0.96249413
1.5008715,0.35425726
-0.7876641,-0.84967995
1.4392316,-1.3107482
-0.9935902,-1.3624716
0.8466542,0.64183474
1.5135444,0.3850508
-0.7928597,-0.7428237
-1.3304183,-1.0963361
-0.9457121,-0.33686098
-0.79576814,-0.7736534
-0.36572945,-1.191827
0.8979935,0.41216937
-1.6744531,-0.3024536
1.1513388,-0.79780114
0.2684052,1.3463346
-1.095646,0.13705501
-0.8209585,-0.83611494
-0.5178978,-0.2678182
-0.91234004,-1.2630203
0.36333954,1.5869637
1.4072313,-1.2825063
1.6662692,-0.3252348
-0.09967365,-1.0482615
-1.3208418,-1.201741
-0.27026352,0.63269967
-1.0745002,-1.2196413
-1.0187098,-1.5964088
-0.52733916,-1.2509793
-0.8343073,-0.8815878
-0.55161595,-0.15217093
0.9286991,0.0065271207
1.0936824,-0.5196203
-0.09057888,1.1840041
-0.6109303,-0.98910815
1.1292652,1.2343495
1.5250466,-1.2239075
-0.3007417,-1.0263617
0.24222355,0.21907674
-0.8107433,-1.0808729
0.35708496,1.3908445
-1.1312128,-1.2969265
-0.13868962,-1.0475826
-1.0891075,0.25599232
-0.14823584,-1.2543614
0.27890706,1.4716855
1.0559542,-0.3846978
1.6282248,-1.0339656
-1.1417394,-0.015116694
-0.37858176,0.34151244
-1.2733794,-1.4273294
1.2158769,1.3817598
1.4081235,0.71615815
1.4764808,-1.1898514
-1.5807563,-0.8221634
0.10741572,-0.35812864
-1.3158679,-1.1505591
-0.7972548,-0.95195556
1.1634061,-0.70537174
-0.29092324,0.692115
1.4345742,-1.352214
-1.5808444,1.292229
-0.7606524,-0.7202671
-1.3185003,0.7006137
1.6290169,0.22160995
-0.26666582,0.70741564
0.6378989,1.3469217
-0.94622535,-0.5236972
-0.021522379,-0.6606629
-1.121205,-1.3863729
-0.74417585,-0.75340736
1.0618623,-0.29068643
1.2273012,-1.0358231
-1.6441027,-0.48241803
-0.9999175,-1.241999
1.0793896,-0.4703523
-0.507822,-0.07341969
1.6868719,-0.31357473
1.7561226,-1.4013047
-0.39274326,0.18509462
1.5222121,0.13824537
-1.156757,-1.4277872
-1.4005231,-1.0363619
1.6957011,-1.4199473
1.4063977,0.78719175
-0.94357246,-0.18395717
-1.6587892,-0.32174867
0.800202,0.36681536
1.6490082,-0.2700641
0.20396557,1.2921268
-1.2619942,0.47243714
-1.2682096,-1.3736868
-0.046899866,-0.7356591
-0.48625427,-0.10468083
-0.61550367,-0.45588937
1.3204464,1.0408758
-0.8705477,-0.9339474
-1.1051103,-1.1808518
-1.1551421,-1.1218237
1.009639,-0.31070337
-1.1681328,-1.4596289
-0.5774047,-1.1798565
0.0004890379,-0.4539942
-0.22822064,-1.2864505
1.0697217,1.4895698
0.3697079,1.3807758
-1.0544046,-1.0222418
-0.28510886,0.55285555
0.1355476,1.3245535
-1.0583202,-1.7022696
-1.0753038,0.16649945
0.1483024,-0.31295672
0.2122443,1.5418516
-0.10034239,0.9923293
1.5861558,0.1330575
-0.5991901,-0.26723003
1.2659587,1.2110978
0.76581454,1.2791215
0.6127592,1.2443352
-0.90392345,-1.3003017
-0.6228433,-0.35825014
-0.2318657,-0.9814622
-1.3471038,-1.1796097
-0.014157049,-0.67010266
-1.6609224,1.4940481
1.1162261,-0.49231678
-0.3748573,-1.620826
-0.108835354,1.2321151
0.87263584,1.5094857
0.20561212,1.3871368
-1.0288872,-1.3795705
-0.648683,-0.4117291
1.344488,1.0799502
-0.111836955,0.84099793
1.5868714,0.10553397
1.6835141,-1.2236522
0.12357147,0.004396086
-0.7709928,-0.88757867
1.2430937,1.027318
-0.71735495,-0.8330331
-0.40684396,0.013685394
-1.4107555,0.88740087
0.3934892,0.5849143
-0.3740709,-1.1562878
-0.26436946,-1.166601
-0.2718325,0.7284559
1.5747861,-1.4247667
-1.600661,-0.38777173
-0.66510534,-0.60221624
-0.24453455,0.61326706
1.3888872,0.5468807
0.5280664,0.8931697
1.4721651,-1.2942709
1.2636522,-0.7172355
-0.49596372,-0.19941135
1.1394651,1.2199929
1.299807,1.1428003
0.16537207,1.5227462
-0.47332728,-0.1137227
0.99672973,0.29477945
-0.9863509,-0.4064612
0.85766464,1.5124621
0.09849006,1.2511208
1.1817364,1.52592
0.611181,1.2434752
1.2531321,1.1094029
-0.32104793,-1.0233012
1.261149,-1.1463288
-0.85944057,-1.00845
-0.26138565,-1.3725946
1.6108174,-1.3653078
0.121110484,1.3018484
-0.055289216,-0.7847278
-0.52130055,-1.2564577
-1.5167947,-1.0580593
-1.4749382,1.0597224
1.4902642,0.44529033
0.014517142,-0.5605523
-0.8016941,-0.9926945
-0.76499975,-1.2770782
1.4542515,-1.5442805
-1.6330376,1.1858939
0.9427239,0.019500392
-0.1865662,0.8363563
-1.5288107,-0.54463893
0.46656904,0.9129563
0.5963731,1.1658204
1.4287882,-1.013676
-1.3558977,0.7249918
-1.4729967,-0.7998736
-1.4814484,1.2106034
0.3624812,0.52186257
0.8062459,0.47575477
-1.3608006,0.7184217
0.20502508,1.1139451
-1.5223508,1.2026706
-1.3878489,-0.99544924
-1.0540655,-0.113017745
-1.1103077,-0.17415524
0.19883078,-0.25204298
-1.154917,-1.2399122
0.49227357,0.9109205
1.2862661,-1.0687143
-0.91277045,-0.8649234
0.2459905,1.4356174
1.2125121,-0.95343524
1.6032306,-1.3683566
0.9816072,-0.039802376
1.4091082,0.8937478
-1.3094716,-1.3247113
-1.1232566,0.21016237
1.2671874,1.1532434
-1.2957408,0.53367066
-0.0045882026,1.3103801
0.4059138,1.5305591
0.6327437,0.8127964
-0.6624531,-0.42594925
-0.7680462,-1.0034432
-0.6079838,-0.46255937
1.5055271,0.58660513
1.2274865,-1.0159488
-1.3900819,0.9051516
0.93256253,1.5567436
-0.76035225,-0.6705252
-0.48243758,-1.4818412
-0.44983122,-1.3426255
0.7488422,0.5196345
1.6697168,-1.5041845
0.61034775,1.2108492
1.3398849,-1.2268859
-0.5621866,-1.0891927
1.7492399,-0.4545611
-1.3344119,0.48049378
1.7399435,-1.1581793
-0.32432255,0.43184248
-0.9102197,-1.1465043
-1.7186135,1.8308662
1.415065,0.6786774
-1.60577,-0.48079216
-1.1021717,-1.4080055
0.6136156,0.91718143
0.46983054,0.7691648
-1.4580873,-0.87002444
0.74329555,0.49119943
-1.1166408,-1.2450285
-0.7595726,-0.7142377
-1.5724586,-0.6954009
-1.4342618,0.9776007
0.5788453,1.1242241
1.4772272,0.457525
0.9625993,-0.023688529
1.3869212,0.83506435
-0.25759268,0.71578485
-1.528792,1.092876
1.2629597,-0.8547111
1.5498998,0.33274898
-1.7078493,1.5504931
-0.10598283,-0.72014064
-1.552561,-0.90205234
-1.6416906,-0.59666044
1.1055751,1.5157143
-1.511833,-0.96124554
1.0237228,-0.26668316
-1.2955507,0.414524
-1.6142985,1.4389354
-1.4853474,0.9545988
-0.6834279,-0.7082785
1.189303,-0.75367343
-1.0113764,-0.3785171
-0.6391887,-1.1289426
-0.7253118,-0.95421404
1.0935252,-0.25426826
1.4449904,0.60258096
-0.5577527,-1.1654129
-1.6578971,-0.45460877
1.6590035,0.04031518
-1.6163384,-0.40790838
0.69875044,1.4265827
1.1678708,1.2366874
1.1212761,-0.6854627
-1.6577164,-0.54887545
1.2802032,-0.997375
-0.022917997,1.2296345
0.46666315,0.9199674
-0.84756553,-0.9997882
1.0577694,-0.17050755
0.70974785,0.65965134
-0.6524942,-0.63601
0.79547524,1.3690228
-1.6516752,-0.2632684
-1.4522547,0.6779844
-0.29895577,-1.1042665
-1.4731942,0.8444841
0.075251006,1.6565807
1.2063817,-0.867573
1.2655346,-0.8378964
-1.0861348,0.012118073
-1.5983646,-0.25710815
0.5399959,1.0816131
1.4014708,-1.186089
1.1196454,1.2394104
-1.3039746,0.82159895
-1.2818406,0.6041138
-0.8893717,-0.537963
-1.1290363,0.05557638
1.4462372,0.72014755
0.31420684,0.36957765
0.8715883,-0.07537069
-0.5740414,-1.1418298
-0.8027423,-0.95245093
-1.2443782,-1.0971298
-0.22480817,-1.0448371
-0.7631582,-1.0204456
-0.99005747,-1.0808092
-0.63048875,-0.9696976
-1.0222344,-1.3037503
-1.1563896,-1.254761
-1.1595978,0.15355162
-1.6178474,-0.65826976
0.28536472,1.4733099
0.8685854,0.33805817
-1.7118849,1.3853635
-1.516662,-0.890765
0.65136075,0.8690577
0.68363804,0.9501654
1.3637294,0.8682179
0.42763627,1.3067614
-1.6084416,1.3559928
-0.26319745,0.6608039
1.1139522,-0.29594195
1.1481665,1.2245847
0.025467783,1.5671356
-0.39787355,0.1204978
-1.5410775,-0.57586837
-0.9135231,-0.5050827
1.7360868,-0.28959918
-0.719537,-0.7331562
-1.5408132,1.1721216
-0.6400867,-0.60118693
0.10790291,-0.2443683
-0.420707,-1.2514517
-0.49569884,-1.201423
-0.19276386,-1.0941389
-0.53240776,-0.5176795
-0.8320505,-0.8161304
0.9415583,1.4530499
-0.9549959,-1.2500051
-0.78052264,-1.13789
-1.2856807,-1.3085746
0.65043455,1.1938775
-1.4876035,0.77709186
0.3208063,0.4196164
1.4410291,0.6709014
-0.628214,-0.80860853
1.4866172,-1.310978
0.43364435,1.3668826
0.6412142,1.1588061
-0.083932914,1.2264258
-0.6536175,-0.54911083
-0.4645734,0.0105896
1.2823547,-0.9830152
-0.54254526,-0.4213073
0.6066364,0.7570238
0.08434196,1.3683836
-0.5896292,-0.35094762
-0.6827601,-0.5382828
1.640139,-1.2905501
-0.60465854,-0.38304648
-0.6730235,-1.2921946
0.70287275,1.340437
-1.3144875,-1.2298669
1.4132895,-1.2091469
-0.6147903,-0.44079724
0.31721961,1.5524096
0.5140897,1.4156103
-1.2598526,-1.1120827
1.6502448,-0.10612677
1.4379189,-1.3873018
0.001370803,1.4901091
-0.13959754,-0.9889025
1.0681244,-0.0013162665
-0.018041486,1.0985271
1.3254732,-1.0259843
1.3469844,0.7284619
0.3625237,0.33147755
-0.7915941,-0.72427565
0.2997839,0.20787206
1.5843252,-1.3885916
-0.82982683,-0.63117963
1.1339371,1.2566454
0.8137933,1.4417601
0.29259735,1.7074634
-1.4268602,1.1498506
0.4248701,0.66244006
-1.5920109,-0.61393744
-1.6562865,1.2987441
-0.21613209,0.53371215
-1.3484471,-1.0371475
-0.5421554,-0.39609712
1.6971043,-1.4370631
0.20106314,-0.0038272091
0.9675563,-0.054867238
-0.9314869,-1.0767589
1.1502705,1.5496097
1.0502342,-0.6484794
-0.15946727,0.8224551
1.7212214,-0.107934326
-1.1965337,0.09002608
-1.1803942,0.06968288
-0.40611935,-1.7312293
-1.2789786,0.45757785
-0.68941337,-0.9721692
-0.079480305,-0.9265769
0.42577767,1.3770571
1.1828107,-0.5481846
-0.14124238,-1.0311431
0.9707478,1.5962007
-1.3075246,0.50982714
1.5636172,-1.499035
1.4685404,0.64031035
-0.02562963,-0.57707745
1.4685702,-1.4172454
0.97769165,1.3218342
-0.8986354,-1.0453732
1.6513382,-0.3529744
1.3227932,0.92980725
-1.5105953,-0.8698746
-0.30757138,0.5761503
