-4 0.242933039245125
-3.99 0.471351512341949
-3.98 -0.439097193119415
-3.97 2.46759790439316
-3.96 -0.153399315774573
-3.95 0.888084277178857
-3.94 0.649493979146166
-3.93 3.11352994617779
-3.92 1.21629217308885
-3.91 0.235644177889979
-3.9 5.26652806250507
-3.89 2.29171765748869
-3.88 2.1415754860171
-3.87 8.4550712885186
-3.86 1.16623463405386
-3.85 5.37788366235185
-3.84 1.84051457245526
-3.83 2.94799301194293
-3.82 1.20851445692788
-3.81 8.03460482981848
-3.8 4.30746006219387
-3.79 3.06653458941462
-3.78 3.16483194788816
-3.77 2.48508589465607
-3.76 0.800066516915968
-3.75 1.83417959104268
-3.74 2.29392928211486
-3.73 2.58969165964089
-3.72 3.38426994314009
-3.71 4.64794357873364
-3.7 4.03332448591038
-3.69 2.56262905777274
-3.68 5.30803521785915
-3.67 3.30413746025023
-3.66 3.18784678871515
-3.65 6.41087252156475
-3.64 3.42736613995102
-3.63 2.99709861194143
-3.62 4.70004811923428
-3.61 4.9038316717025
-3.6 1.35737695825503
-3.59 2.97351803971608
-3.58 3.81358836005835
-3.57 5.6313871417996
-3.56 3.73240522645834
-3.55 9.35577921124101
-3.54 10.4437000672683
-3.53 5.05930172911851
-3.52 8.26842420984567
-3.51 4.69030868048969
-3.5 5.33666474580942
-3.49 6.67090868643599
-3.48 7.73000733064838
-3.47 7.10715086052918
-3.46 5.81792533907313
-3.45 8.12045754019423
-3.44 8.7296649058364
-3.43 3.14990752970628
-3.42 3.9726556768568
-3.41 3.99810317438116
-3.4 7.19440528444167
-3.39 3.06247380480189
-3.38 3.78816246940708
-3.37 3.96119297431549
-3.36 5.66564283067536
-3.35 9.49408882394652
-3.34 4.74468732063133
-3.33 4.50411402401213
-3.32 5.74268278763577
-3.31 2.10926855965811
-3.3 7.64278279461938
-3.29 5.93007007877011
-3.28 2.99460706917094
-3.27 6.63988196945728
-3.26 6.6303949291771
-3.25 6.55114518256582
-3.24 6.67340437863253
-3.23 8.65211698249195
-3.22 6.03901874126481
-3.21 4.92445309243725
-3.2 13.4964999018797
-3.19 6.88722218653209
-3.18 8.40234033910863
-3.17 6.6130121307215
-3.16 7.24297941114272
-3.15 5.96324484467507
-3.14 6.56105133617574
-3.13 5.96042338266181
-3.12 9.94527843042408
-3.11 11.2724934099079
-3.1 6.95832743089296
-3.09 7.14847116197174
-3.08 7.82121220412262
-3.07 12.9027131116677
-3.06 8.60354026084998
-3.05 7.51720656110811
-3.04 7.06531522602639
-3.03 9.53034810239151
-3.02 6.52118261460894
-3.01 8.64960747845166
-3 8.46486626656303
-2.99 8.19548592413234
-2.98 11.6546761652163
-2.97 12.8772650932037
-2.96 9.1584535788747
-2.95 9.40160943492081
-2.94 7.07198909566701
-2.93 9.70563572619785
-2.92 7.79156831604571
-2.91 8.77710886282517
-2.9 11.8468402450305
-2.89 8.95404396793301
-2.88 12.5558895821382
-2.87 7.04922830413542
-2.86 10.1615060840367
-2.85 9.87988038827799
-2.84 8.40859680049923
-2.83 10.4919632654819
-2.82 9.69998271222696
-2.81 12.1449871763785
-2.8 10.5477653595031
-2.79 10.7877921527143
-2.78 9.81570100656321
-2.77 8.67377389760258
-2.76 11.2657431777455
-2.75 9.76929842558595
-2.74 14.6319608025417
-2.73 11.2581642825056
-2.72 11.0253507469004
-2.71 11.9451564758098
-2.7 10.6607275991677
-2.69 8.99739752544692
-2.68 12.342217289427
-2.67 9.20002593218796
-2.66 13.4882349727919
-2.65 13.1909316036062
-2.64 8.64036686335175
-2.63 9.3519268426338
-2.62 12.3623880162267
-2.61 10.4028336377539
-2.6 19.1557242258435
-2.59 12.7982377522147
-2.58 12.8983574598933
-2.57 13.692428452067
-2.56 12.8810050098727
-2.55 17.7276359031374
-2.54 12.0661061029987
-2.53 13.1304020801018
-2.52 9.80358964338099
-2.51 14.8435602512091
-2.5 11.9126558038281
-2.49 13.5503219126598
-2.48 10.8630494588561
-2.47 14.1829825157498
-2.46 13.8627625350124
-2.45 11.9384216060556
-2.44 11.9409748347418
-2.43 17.2588938621183
-2.42 13.44638885388
-2.41 11.8585061044754
-2.4 13.8925260768129
-2.39 11.2924047381806
-2.38 13.1019171795293
-2.37 11.0422796165551
-2.36 12.4772729760258
-2.35 11.1107217229341
-2.34 12.0299728306515
-2.33 17.2305450360714
-2.32 19.0801757030967
-2.31 13.0262883067805
-2.3 14.7524797518614
-2.29 12.4014034639269
-2.28 13.9041552006467
-2.27 12.0832129227181
-2.26 16.9594066903851
-2.25 12.8592258932707
-2.24 14.2832352853371
-2.23 14.8502353828905
-2.22 12.2877474777803
-2.21 15.0564401173577
-2.2 16.1250116517615
-2.19 11.9383318872544
-2.18 21.1903341692609
-2.17 13.1674583523336
-2.16 14.7862560806776
-2.15 13.7563225314515
-2.14 13.698176925989
-2.13 13.6907410541686
-2.12 17.8815366806205
-2.11 15.2195642570801
-2.1 16.6573057927733
-2.09 18.6262243836483
-2.08 17.8964164125224
-2.07 11.7447136082229
-2.06 15.2726485530451
-2.05 16.3989229704847
-2.04 12.4181769492179
-2.03 12.7388983308877
-2.02 15.057492464705
-2.01 14.9824522221383
-2 12.3529936163768
-1.99 13.5366559097718
-1.98 14.5201466250657
-1.97 15.8485598179651
-1.96 14.2489426313946
-1.95 16.8505905883837
-1.94 16.902262934108
-1.93 17.2026254145189
-1.92 14.1272116915293
-1.91 17.2213718892641
-1.9 16.6930518247636
-1.89 16.4367403138483
-1.88 22.5380577233836
-1.87 14.5094857059696
-1.86 12.8036971149852
-1.85 15.3208198353326
-1.84 15.4783947252075
-1.83 15.1547941879345
-1.82 14.1132155077258
-1.81 17.8653330505894
-1.8 22.2633395117399
-1.79 14.6757169536246
-1.78 17.8366816904287
-1.77 16.8788726039037
-1.76 15.6150432722991
-1.75 15.7178929404098
-1.74 14.5609419381781
-1.73 13.6223515772491
-1.72 16.2404465909407
-1.71 17.157388158298
-1.7 16.29388638719
-1.69 15.1477877083272
-1.68 16.746433802207
-1.67 14.0708150360995
-1.66 18.010756464368
-1.65 16.8249597555606
-1.64 16.0503750108756
-1.63 17.0979684459404
-1.62 13.7022863045744
-1.61 13.9208524995025
-1.6 17.5002529044436
-1.59 16.8800055076482
-1.58 15.6561684078364
-1.57 16.6672275849172
-1.56 15.4502823979352
-1.55 14.8052618947123
-1.54 14.7537167486758
-1.53 16.4336580812607
-1.52 16.5437393581272
-1.51 16.9084844498512
-1.5 15.9091028513551
-1.49 16.3998652098781
-1.48 16.9188142332676
-1.47 15.8773271722974
-1.46 20.7344736504082
-1.45 14.4918441130572
-1.44 19.674823302933
-1.43 15.7328998116315
-1.42 18.3840302400848
-1.41 14.913529617718
-1.4 14.9674928172327
-1.39 16.1418673974319
-1.38 17.1050373262999
-1.37 13.1995944990704
-1.36 15.1915013732294
-1.35 16.3622465025848
-1.34 16.5788191682029
-1.33 17.2943810918715
-1.32 15.4622996174885
-1.31 16.4024565343628
-1.3 16.3485304798258
-1.29 16.0772842290943
-1.28 16.2031779658772
-1.27 16.665905223771
-1.26 16.5913536597107
-1.25 18.5551667656647
-1.24 15.9202907259075
-1.23 20.5552058705266
-1.22 19.0114903433364
-1.21 14.4916916090692
-1.2 16.4252548734428
-1.19 15.587109788618
-1.18 17.7724234623359
-1.17 16.7260404413323
-1.16 15.2928608890852
-1.15 16.4321893434082
-1.14 20.816847607719
-1.13 22.5846589878548
-1.12 19.3777249140707
-1.11 20.9106563488802
-1.1 15.0222344785689
-1.09 16.1149420893967
-1.08 17.8455819796611
-1.07 14.1640869101772
-1.06 15.0727331266517
-1.05 17.3441292550469
-1.04 16.6439829314267
-1.03 15.4345763963053
-1.02 18.9027873956223
-1.01 18.179242866249
-1 19.3069542312041
-0.99 13.7222373658945
-0.98 14.0961782052591
-0.97 16.0310233433379
-0.96 17.9959860729511
-0.95 16.6656714520827
-0.94 15.2066163160951
-0.93 15.768676815848
-0.92 14.5466503028095
-0.91 12.5318457228381
-0.9 16.0316286244263
-0.89 16.6287026460213
-0.88 15.6210917950441
-0.87 13.897392298944
-0.86 14.7953373924241
-0.85 16.1135228024885
-0.84 15.5663694647926
-0.83 19.1427147141381
-0.82 15.4186554935938
-0.81 13.7106758102787
-0.8 13.772000039193
-0.79 15.3583465329442
-0.78 18.7485988095103
-0.77 11.4874834182912
-0.76 15.5784882500641
-0.75 15.9153025711349
-0.74 16.5595564857319
-0.73 12.1082725441674
-0.72 17.3483862153705
-0.71 14.7917536689766
-0.7 12.6811000640729
-0.69 15.2794252480981
-0.68 14.6099989839123
-0.67 13.5101535713252
-0.66 15.5648683498324
-0.65 13.6097892643413
-0.64 13.3958548483267
-0.63 12.5192295305988
-0.62 12.0344951850451
-0.61 14.0087715499955
-0.6 14.3922413558779
-0.59 14.7108359751736
-0.58 13.5004109170827
-0.57 14.2764871778864
-0.56 14.5445789428097
-0.55 14.8813297833141
-0.54 14.0383131146104
-0.53 14.8226130223732
-0.52 15.7937841682442
-0.51 13.2762736565346
-0.5 11.7561509910189
-0.49 12.7289240922085
-0.48 31.6871623978171
-0.47 13.8484776262717
-0.46 15.7311507721808
-0.45 12.5094461139855
-0.44 11.7823198953303
-0.43 15.2192696837076
-0.42 12.4035536200632
-0.41 11.6493307144638
-0.4 16.7810887801478
-0.39 11.7949238971768
-0.38 10.1124981961646
-0.37 15.6483391290218
-0.36 11.0478953765228
-0.35 15.1044515759163
-0.34 12.3180438510078
-0.33 11.5619462809122
-0.32 13.572634856462
-0.31 11.8109802920461
-0.3 10.5524635703389
-0.29 13.6587121308221
-0.28 12.1959036349581
-0.27 10.6109172019819
-0.26 10.3757486914863
-0.25 11.2259799009992
-0.24 11.5504843200945
-0.23 15.4261625636225
-0.22 10.9887637594223
-0.21 10.9509809864517
-0.2 14.3517717256019
-0.19 10.5515489810156
-0.18 10.2345275686999
-0.17 11.1831309426752
-0.16 10.7246808131014
-0.15 10.8350025326789
-0.14 12.6126015022866
-0.13 11.0892413214327
-0.12 10.4390671392871
-0.11 11.7196503517914
-0.1 11.097289282427
-0.0899999999999999 10.7488204181685
-0.0800000000000001 12.2369789889958
-0.0699999999999998 10.0007564531175
-0.0600000000000001 13.1889356975989
-0.0499999999999998 9.31427249659406
-0.04 14.0129849288962
-0.0299999999999998 10.0105455507068
-0.02 11.8611863842582
-0.00999999999999979 13.1003296033549
0 10.4381247492783
0.00999999999999979 9.93353549700204
0.0200000000000005 10.1190885192905
0.0300000000000002 8.70798536963091
0.04 11.0256118149927
0.0499999999999998 6.37659756384946
0.0600000000000005 13.6066091817156
0.0700000000000003 8.97467802166357
0.0800000000000001 10.460891251356
0.0899999999999999 19.8654622799969
0.0999999999999996 8.39884713303492
0.11 9.50080522305939
0.12 9.50801157952152
0.13 8.80093056511539
0.14 8.72958330599705
0.15 9.9827925961263
0.16 9.42713411072917
0.17 9.57278047457067
0.18 8.72180187894972
0.19 20.2520119503405
0.2 9.24206837271121
0.21 10.6041192418703
0.22 10.802788262724
0.23 11.8209954072135
0.24 9.71426080469967
0.25 7.67780206967712
0.26 6.44452829342731
0.27 6.33617434764872
0.28 12.5678475541717
0.29 5.76842994486668
0.3 9.93741029261366
0.31 7.35114983278745
0.32 23.7008280514104
0.33 7.33548113767096
0.34 6.72454501517041
0.350000000000001 13.3647484654875
0.36 9.92954156150626
0.37 6.20419345694131
0.38 8.67749011575857
0.39 7.13529731111607
0.4 8.37576021284082
0.41 13.9793185006148
0.42 8.51798012872444
0.43 9.59494180112635
0.44 6.66467316721102
0.45 6.13382767266766
0.46 13.9877375838221
0.47 8.51173342255769
0.48 6.12612031513536
0.49 7.5937164793095
0.5 6.57355647810269
0.51 7.8041064886857
0.52 5.75446485844077
0.53 9.24466318269829
0.54 5.85050309137931
0.55 6.19237712268749
0.56 12.1414388881218
0.57 5.98899294101331
0.58 7.12841181974057
0.59 6.6929447350309
0.600000000000001 6.08206399930257
0.61 22.7213809278751
0.62 6.51838918196803
0.63 8.29867189773927
0.64 5.97300277090148
0.65 7.41548004609171
0.66 5.78877353727501
0.67 6.77360650773556
0.68 8.13163285532633
0.69 5.84158387614921
0.7 5.31952613920835
0.71 8.167864501706
0.72 7.42200264038976
0.73 5.31540021878388
0.74 8.24322074712199
0.75 5.84343579513447
0.76 6.87559664014817
0.77 8.39986120339044
0.78 5.72883317245159
0.79 5.70564459135613
0.8 7.32783059165072
0.81 7.81745989132519
0.82 7.66747648136005
0.83 6.5720847765487
0.84 5.89335808642974
0.850000000000001 6.28378322921497
0.86 4.88250848076576
0.87 4.14353348585582
0.88 6.78394026982477
0.89 5.84240194904887
0.9 6.88922298603724
0.91 4.03702605902195
0.92 5.26688337484871
0.93 4.01386911859864
0.94 5.46329973711047
0.95 6.42350979698891
0.96 5.55859663935519
0.97 4.7580517109632
0.98 4.62995991809511
0.99 3.09113954292249
1 7.53517225758779
1.01 7.48488258779393
1.02 8.9602414606352
1.03 9.90396820889669
1.04 8.84720560586333
1.05 3.71094265212957
1.06 7.30454160446794
1.07 12.7302654109538
1.08 6.45539469251916
1.09 13.2043182183258
1.1 3.09283100240158
1.11 4.01401907973125
1.12 5.04331770123894
1.13 9.40285127114007
1.14 4.47060244900109
1.15 6.94192139095783
1.16 6.15309930524786
1.17 5.96035043934077
1.18 4.56340520488129
1.19 3.64738180815443
1.2 5.27454681735628
1.21 3.5277004121574
1.22 6.91946308687973
1.23 6.58822412772212
1.24 5.95591219745909
1.25 7.05337014113534
1.26 7.41268560102302
1.27 7.37273236210785
1.28 3.85825730097569
1.29 6.1211759942623
1.3 6.80871533935119
1.31 4.89895442415666
1.32 2.21181537303071
1.33 8.87854845530192
1.34 13.417246493475
1.35 4.91419367669357
1.36 5.50974713710037
1.37 16.2115077535491
1.38 3.107491941543
1.39 5.11664186221991
1.4 8.95904084699467
1.41 5.07557440446782
1.42 1.68170593922137
1.43 4.40642681037891
1.44 6.27081597433254
1.45 4.98997800095643
1.46 5.13758206995752
1.47 8.10324695336495
1.48 4.80451842332697
1.49 10.8978373344184
1.5 7.02608285057368
1.51 3.3845857378014
1.52 7.19954695670112
1.53 5.17019260218526
1.54 6.6121205180103
1.55 4.75252518872936
1.56 3.7096174548558
1.57 3.7464470067726
1.58 4.15481019822721
1.59 8.16781439159571
1.6 5.76080471783814
1.61 7.68201673675361
1.62 5.92532097889768
1.63 3.47593106763268
1.64 2.50811692493809
1.65 8.47104557480067
1.66 6.86319351764253
1.67 5.72066115847074
1.68 4.25982246041507
1.69 4.33955124522963
1.7 7.62431300440582
1.71 9.8194932607644
1.72 7.18058278682541
1.73 6.1202087730562
1.74 4.46531267502903
1.75 6.25397393821551
1.76 3.67358119452913
1.77 6.89648954656526
1.78 3.14873859015666
1.79 4.93221381561991
1.8 11.4985681678453
1.81 4.96051836608354
1.82 3.62815088561766
1.83 4.31624479746227
1.84 5.39271480794612
1.85 3.62345902969771
1.86 4.37451522012014
1.87 5.13752500742345
1.88 5.44138693563174
1.89 9.77564512081051
1.9 4.74966372681111
1.91 2.97955529653857
1.92 6.31940249021312
1.93 4.39002969077825
1.94 4.88427168804927
1.95 5.6470820424662
1.96 13.7135233463792
1.97 11.5921800878781
1.98 9.79271485021209
1.99 6.83589699675738
2 5.76663481754787
2.01 6.72395303301221
2.02 5.49590485345766
2.03 5.25339631596555
2.04 6.88820872646837
2.05 7.0711267363667
2.06 5.30250102441877
2.07 9.1312118445656
2.08 6.81130779564762
2.09 9.59146695878879
2.1 7.69777325402442
2.11 6.14611886208213
2.12 7.7488435980678
2.13 6.87176796406461
2.14 6.89047681151451
2.15 7.11962997357967
2.16 7.76329533134272
2.17 6.99512234812309
2.18 3.44128813914024
2.19 5.19162475657816
2.2 10.6669179708172
2.21 10.4523574004151
2.22 5.9326995791013
2.23 6.68891995773753
2.24 7.13684162520053
2.25 6.27423378359669
2.26 8.50978924841995
2.27 11.0468493654951
2.28 9.60916714186572
2.29 7.77583532354542
2.3 6.88435099670925
2.31 6.22112907698192
2.32 9.50041423511183
2.33 6.83462874083421
2.34 5.86315974857513
2.35 7.15224230212332
2.36 6.67080647304824
2.37 10.1591584414686
2.38 6.32546669131962
2.39 8.54527107123442
2.4 7.69193717782683
2.41 10.6327107730273
2.42 6.73001943995478
2.43 8.23713543477005
2.44 9.28355757054921
2.45 8.85379564770848
2.46 9.49926205666526
2.47 11.3656776045428
2.48 9.29516171421199
2.49 10.2697206017904
2.5 8.59806892631865
2.51 9.24557820426565
2.52 8.45580844812668
2.53 8.87680629250125
2.54 11.8860719307268
2.55 8.94731238809766
2.56 9.35046065875592
2.57 8.46676088746125
2.58 8.68815111419671
2.59 9.92492594256789
2.6 11.3783965438671
2.61 10.5008466706531
2.62 10.1000433810032
2.63 9.96089250065739
2.64 10.24898527757
2.65 12.0024992707401
2.66 9.76412302387887
2.67 10.0126207102331
2.68 9.20286074464098
2.69 10.0858463644445
2.7 8.82964819068907
2.71 10.604378809468
2.72 14.5410189720986
2.73 8.09146809287845
2.74 10.8409386147239
2.75 9.20383136111158
2.76 10.4770522014042
2.77 11.3699888465498
2.78 12.9669332727478
2.79 10.0320151510924
2.8 10.2219060554167
2.81 11.5078086165085
2.82 17.6915779785558
2.83 9.87926558933629
2.84 12.9307498914984
2.85 9.31927139959691
2.86 9.89232880374589
2.87 18.374044670723
2.88 14.7395315741756
2.89 20.3063771277803
2.9 14.4358392510464
2.91 12.6309334508686
2.92 13.01387228206
2.93 13.4599872063545
2.94 8.67848123864915
2.95 15.2429491950642
2.96 13.3918933922507
2.97 10.7156178796864
2.98 13.1669724646192
2.99 13.4426779138742
3 13.0575235679795
3.01 11.6424126940222
3.02 13.1065365441199
3.03 12.5660936558456
3.04 13.9568298050945
3.05 13.872951986878
3.06 15.1039537303098
3.07 12.5845793779197
3.08 14.1708641210522
3.09 13.4377875568403
3.1 17.1393219079221
3.11 15.7251935562103
3.12 12.0722172573694
3.13 11.2660369139747
3.14 18.0978987071591
3.15 12.6701556254494
3.16 14.858075822178
3.17 13.3587363498733
3.18 14.8428049430898
3.19 14.6596768931239
3.2 18.6230374281326
3.21 16.7530187694375
3.22 13.6125830154221
3.23 14.5514453224696
3.24 13.3761351276689
3.25 12.941302940154
3.26 14.2404595522368
3.27 15.4937372309038
3.28 22.8087233319839
3.29 14.3994126536385
3.3 14.9047048967314
3.31 14.281448323533
3.32 17.4753642413409
3.33 14.4535882722625
3.34 13.8503311730778
3.35 18.2619824722127
3.36 15.6867660001644
3.37 14.1498764890493
3.38 13.9436065430603
3.39 16.8689780897442
3.4 15.4687657808362
3.41 16.6956271005022
3.42 16.1323232696374
3.43 14.7791004234515
3.44 15.7342826223126
3.45 17.3174197931072
3.46 15.21186895093
3.47 18.9878955612031
3.48 14.7156654436295
3.49 13.6733985599794
3.5 18.2708100700755
3.51 15.7669930863025
3.52 16.0576800648416
3.53 19.1639474414328
3.54 16.4374600990059
3.55 16.8185552746924
3.56 18.0185272446537
3.57 28.2953794942987
3.58 15.6882985074409
3.59 17.8755965550312
3.6 19.4226664478105
3.61 18.6213735927464
3.62 20.9849267268294
3.63 17.2945622471797
3.64 21.5640023889435
3.65 22.2342999776148
3.66 15.4617408323329
3.67 16.7025107812983
3.68 17.8699404834999
3.69 18.4663485514867
3.7 16.6133112625364
3.71 18.6909525495545
3.72 19.7757194829622
3.73 18.9336503378903
3.74 18.5573256291909
3.75 19.4416859010135
3.76 16.2381218933586
3.77 16.5779416870991
3.78 20.5884651795096
3.79 19.8379113369776
3.8 18.7692037618088
3.81 18.5571114626516
3.82 18.275080187723
3.83 19.0822577820834
3.84 18.8920022085294
3.85 22.9405449859027
3.86 19.5047338794033
3.87 20.9491157032091
3.88 18.1608332435136
3.89 18.1123972116344
3.9 19.093921284217
3.91 26.7646571796687
3.92 16.5110292088254
3.93 18.8213186918588
3.94 19.4586616088773
3.95 21.2923914495941
3.96 17.3864566727039
3.97 19.5237132422555
3.98 19.2297244357966
3.99 19.5617699191911
4 18.4579064470609
