-1.69937983900309 -6.94221166856285
2.30644108355045 5.1897876354786
-0.728184625506401 -4.65861036396766
3.06413923203945 0.54163202690271
3.52373827435076 -2.6103852334377
-3.63554800488055 3.31878493843679
0.22484390437603 1.56067938823924
3.13935235515237 0.0156820759440731
0.41148011572659 2.79976435071684
-0.347082117572427 -2.38108760744215
3.65466676279902 -3.43600493539699
-0.373326750472188 -2.55300531944769
1.42056508362293 6.92115546466475
0.581067215651274 3.84241417397894
-3.17660253867507 0.245019135437344
3.19859976321459 -0.398833663134262
-2.03129812516272 -6.27080728599973
-3.66352373175323 3.48988525915072
-1.37663424573839 -6.86846780046051
3.63602919317782 -3.32175023849958
3.11631452850997 0.176928031801969
1.5424272492528 6.9971833729484
1.12405451014638 6.31301662492602
3.95415821298957 -5.08237616567218
1.24564639292657 6.63321988393309
1.6682437453419 6.96679029459243
0.352528197690845 2.41690140289653
0.753136163577437 4.78751070075998
-1.68672210164368 -6.95301690322623
-2.82309082150459 -2.19200865854441
3.70419386029243 -3.73371798823709
3.21839236095548 -0.537069631127776
1.52564222738147 6.99286508797183
2.36373934149742 4.91226183299159
-3.8030905239284 4.30009628764186
-0.177632231265306 -1.23689691592456
2.06767630018294 6.15351875924216
-2.26873651333153 -5.3631727244477
-1.45455193892121 -6.9527585807896
-2.1469937171787 -5.86978362903965
-2.85759982094169 -1.96133538280534
-0.683629313483834 -4.42127652243178
-0.690205389633775 -4.45686902311907
-1.04923639260232 -6.06930116661607
-2.78044201806188 -2.47345613182087
-2.88955149240792 -1.745668042446
-2.13572720438242 -5.91237925346965
-0.272300397977233 -1.88263449923818
-1.8722188770771 -6.68440591196813
2.86262172274292 1.92756556933265
-3.63335066661239 3.30523418937288
-0.4623994063586 -3.12267774717672
2.39139876514673 4.77246429257994
-3.02480592019856 -0.815650051450802
0.487583870068192 3.27944880013735
-2.34774888306856 -4.99137406638683
-2.97974679805338 -1.1279814917918
2.02646291442215 6.28577521945101
3.1603628732264 -0.131383822256031
-1.00429779291153 -5.90649719573306
1.32092155702412 6.78260377597288
-3.24127471260726 0.696619413030279
-0.928242897614837 -5.60397773910934
-1.80493084341288 -6.80900849163899
2.51712031103671 4.09268496545338
-0.411869268864393 -2.80226083187146
2.48051482439041 4.29777580658466
2.4991160761565 4.19426042109251
2.35473856888711 4.95694866254865
-0.481346499174833 -3.24081166146896
2.03580126911402 6.25673544543053
1.03376905247569 6.01463292187462
1.68145921081305 6.95718176510805
-3.99500181339681 5.27468216079543
-0.197467407211661 -1.37330610736553
-2.23904891870916 -5.49433909212684
-0.961467698216438 -5.74022707953613
0.902168026193976 5.49270914020955
-1.18561672605574 -6.48711676919172
-3.11091660521924 -0.214698662276188
-2.05104421824217 -6.20816297093522
1.34444469958544 6.82144162075218
-0.658825762569904 -4.28532153732137
2.30556667223573 5.19389316065241
-3.17708284594119 0.248379197638264
-0.520858068019152 -3.48337221900656
3.87965583987534 -4.70999460246101
3.14440891519189 -0.0197138051551978
3.09175248630345 0.348736749680051
-2.59957879781723 -3.61103574647357
-2.95443446747959 -1.30247223998265
1.22481540031731 6.58520277677587
-1.25186822190881 -6.64700438542628
1.25406502373517 6.6518099761005
-1.43701406009495 -6.93745144103625
-2.49847104586661 -4.19787449161423
2.25835441052914 5.40958659149892
-3.25124010629952 0.765995142453086
-0.26576766744256 -1.83855042696807
0.0920436792075634 0.643396375852363
0.799911674112082 5.02106185603867
-1.33741167746484 -6.81022436796135
-0.0910957306623459 -0.636788536805432
3.63579061999917 -3.32028013869098
-0.136780822649598 -0.954483013356135
3.12280177697539 0.131528395600645
3.31550549529493 -1.21126236902437
0.869879858568311 5.34976022787477
-0.714481787756085 -4.58658221084507
-2.82324247248471 -2.19100046681916
3.48239842616022 -2.33972640753076
-1.59016880020499 -6.99868651653808
-3.51423542760313 2.54854667739955
3.58181552030146 -2.98298765459991
1.76477018743753 6.86872189135611
-2.86164563521743 -1.93413310926427
0.39427724853158 2.68898693866615
3.63272990845144 -3.30140314662384
0.683866824954748 4.4225653721363
-0.763917746022344 -4.84229111950446
1.18314783461392 6.48060362517358
-1.44143506325781 -6.94151145444447
-1.53823991306126 -6.99629060739249
-2.24185894988477 -5.48212944596559
-1.04408907331526 -6.05126888314599
3.8737536277622 -4.6793486551796
-2.7663815934211 -2.56528239815525
-3.27164800092578 0.907823159112754
-2.86474473774433 -1.91327467154976
1.52005681209266 6.99099118878019
0.954051867127419 5.71036006633329
3.13115293718874 0.0730766873807102
1.38399274088442 6.87822022108785
1.89662190340459 6.63170752742092
0.169085806235671 1.17796884133099
1.27870759740472 6.7035115617566
2.57444368116558 3.76060703150727
2.29025241360068 5.26514986157069
3.83857533894479 -4.49334892068631
-0.484547710046172 -3.26065727529636
-1.50638238340616 -6.98548297413193
-0.724200379103422 -4.63775700462193
-3.91626310534775 4.89636420811802
-2.52920380793512 -4.02376685400743
2.74183455109596 2.72436869992037
-2.15070574358106 -5.85558601776998
-2.08720035478473 -6.08720232406807
-3.38647067733109 1.69706592484195
-2.03421057574451 -6.26172069902846
1.85708164423704 6.71509638436497
2.7796253208071 2.47880339608474
-0.0197818633168936 -0.13846401213424
-0.896727761253715 -5.46902064298316
-2.02840804681182 -6.27977149385358
-3.11122830957174 -0.212517747953539
-0.88004451803863 -5.39537069998125
0.575482511892915 3.80967753338972
-2.26485789753497 -5.38058023961453
-0.441855983808637 -2.99332554449759
-2.25607465021312 -5.41970050568981
0.0183965060859919 0.128768279109549
-1.16876342520118 -6.4418720950559
1.19988127052784 6.52397239797151
-1.00228834711015 -5.89893625828463
-1.15643695369363 -6.40762098905959
0.269503563642502 1.86377067049162
1.92267488315701 6.57108832000627
-2.23117649741471 -5.52831359780475
-0.698031051084399 -4.49897352994063
-1.87450650520623 -6.6796343855634
1.03978442773223 6.03606556109741
-2.52937207370996 -4.02280298073263
2.90915289148688 1.61246649927362
1.97254403308034 6.44265299149687
1.34627719782293 6.82430895822426
0.944142986088991 5.66996252486783
-1.02209551818669 -5.97242011190766
0.238685486838222 1.65497909411722
2.99745874293149 1.00544762574474
0.654000798240304 4.25856567137719
2.71814211830497 2.87636065485441
-1.50041468068957 -6.98266963933087
1.66632257774472 6.96808585365764
-1.87985755130649 -6.66833672238013
0.754745552316308 4.7957233762771
-0.149681596085429 -1.04386307425394
-1.87973814830184 -6.66859090190936
0.516723478212953 3.4582383313266
3.30550578422844 -1.14226088409483
3.21499511599541 -0.513355959967869
-1.80666702799499 -6.80617865234857
-1.42813794873655 -6.92889077567511
3.8851270750165 -4.73825627553252
0.959946481510997 5.73412611243339
3.4985127132386 -2.44573042419608
-0.267738381400704 -1.85185751945449
-0.745339253917336 -4.74754807020495
1.27384259365499 6.6936260195755
-2.78122706525028 -2.46831453884133
0.582936465740204 3.85334470093397
-2.09019178524613 -6.07683584036404
3.69887149147689 -3.70215100931158
0.810925807803869 5.0744764483589
0.1202378179878 0.839638181574061
-0.77941326238215 -4.92003524916894
3.04197232984006 0.696189410068125
-1.08726508170366 -6.19751118315298
-1.69408575445414 -6.9468663646366
-2.63483811914921 -3.39739553033279
-2.62262602895498 -3.47188162818898
-0.14365915581584 -1.00215868886153
-1.97628057189286 -6.43238041430835
-2.2699616830796 -5.35765729141968
1.39501110464334 6.89212665242002
-3.61869098059833 3.2144242614477
1.60682469978929 6.99545733860078
-1.18489089235663 -6.48520606050548
-0.728448016569018 -4.65998633809706
2.56761059165001 3.80086184300542
3.35085878521204 -1.45419468470761
-1.73977335914969 -6.9003012348183
3.68883834965527 -3.64235996357127
1.8271554261446 6.77123702859297
1.49100065603852 6.97772610082117
-3.57724845781922 2.95403527939368
-0.8382389228791 -5.20426558646237
-0.177236961200833 -1.23417346639614
0.482026109471917 3.24502762708206
1.58609275892377 6.9991810830422
3.32546830736101 -1.27988879778169
0.946809818968177 5.68088986089409
-0.572627929970622 -3.79289847747763
0.336642937734723 2.31224232957593
-3.53217209130526 2.66506994923446
-1.91314514353871 -6.59378135936382
-0.822784373536706 -5.13129786231805
-2.41804210655391 -4.6343488221962
2.65542050264776 3.27071508060917
-2.77690221741796 -2.49662074515604
2.42734833620489 4.5853263310337
0.374609252437949 2.56136235284058
1.29854113608599 6.74216841063488
-2.62641204893589 -3.44884413942879
1.06444287858903 6.12163205312541
-1.50504202581942 -6.9848727532222
1.79643477126956 6.82256027170124
-0.808481402695179 -5.0626748841045
3.75485128909349 -4.02874743566615
3.7391869649291 -3.93858738624747
1.81362031213939 6.79463983698586
-1.94226602837443 -6.5225641047131
-2.22569652274251 -5.55176104499014
0.744365213438869 4.74253534978759
-1.85982854291797 -6.70964116671979
0.248563190922141 1.72208093538261
2.28233337029815 5.30151358594363
-2.65551351569593 -3.27013941846148
-0.764806551858783 -4.84678204870997
-0.22738977894187 -1.5780468568156
2.94485445506871 1.36830047896787
3.4056636467576 -1.82708804411422
3.05582047440112 0.599669341500915
1.39349474012852 6.89026244266748
3.60133583471179 -3.10602578391348
0.13155915401876 0.918259874958969
0.612152170389891 4.02241107953227
-1.30935035273433 -6.7621206531958
-1.22140294872224 -6.57706384526457
-3.83980559557676 4.49994889348759
0.0225043650716543 0.15751725903992
2.96834730915725 1.20666010187031
-3.94959372840822 5.06035230743264
-3.42354300804436 1.94760664363257
-2.68631020002067 -3.07801209314016
2.16267259418964 5.8092673453701
1.88147444650531 6.66488539264673
3.77500508539379 -4.14329062810458
-0.26822098530829 -1.85511517044701
-3.4049238935113 1.82208877467615
1.19054499454796 6.49999967380109
2.06874535605311 6.14994802230913
-2.90315135195851 -1.65331820758501
-0.827323243021965 -5.15285575853489
-2.20011736638844 -5.6589912960039
-3.53633151575923 2.6919700245896
-0.832858493551612 -5.17900237175965
-3.4805736001581 2.3276834124026
-2.19290853664279 -5.68854561699655
-3.56296712718904 2.86310558898507
1.36225631646812 6.84833955082664
-1.61806573905051 -6.99218106537409
-3.19422734156251 0.368272716406213
-3.42476722225547 1.95583631166585
3.04352455027401 0.685376904061716
2.03397921659052 6.26244446209951
2.53284710086882 4.00287163081028
3.85712298937142 -4.59212444211129
-3.17120284028351 0.207241020209588
-3.20766536518931 0.462172532862252
2.39065288938582 4.77628251752833
2.2766021322459 5.32762380752408
-3.92456075921655 4.937704693276
2.23252706229687 5.52250934014899
1.83512521535158 6.7568763768858
1.04105482250452 6.04056403920677
-0.152713360264897 -1.06484329860907
-2.74690518900752 -2.69163790631691
-3.93427584134042 4.98567483532571
-0.380332846194506 -2.59860685945485
-0.0616533700376749 -0.431300230424535
-0.883303107693791 -5.40987474538806
-0.282672464847565 -1.95246131855191
1.70623200573027 6.93589819298924
-3.55758458934724 2.82868227936458
-1.16173521988094 -6.42246269051414
2.42249818332493 4.61092533495489
2.68567069619894 3.08203199716798
-2.09800476022065 -6.04950455760756
-1.16811117902398 -6.44008420323919
2.85508336126804 1.97823878333273
2.83010699041188 2.1453120232526
-1.63283635675907 -6.98653294173858
-2.82361340336502 -2.18853426686196
1.63193649053574 6.98692065642964
-3.16954649426043 0.195651401475972
-3.73017781600356 3.88629374243784
3.99523622356355 -5.27576075424185
-3.72100156731904 3.83270593648028
-1.29286972992122 -6.73138458144427
3.32051009312272 -1.24575078908399
0.937882157042623 5.64415048309587
-1.70971721038222 -6.93256202029537
1.90237922407687 6.6186976221045
2.67243447341025 3.16494909598067
-1.48583375662565 -6.97474996057155
-0.0594676174223423 -0.416028014011702
1.57899012975395 6.99976501689044
1.13169883191586 6.33594995074384
1.15138331986964 6.39329694887315
3.82282723858953 -4.40826766930362
-0.682117324322462 -4.41306590871728
-3.04476176016033 -0.676757524535604
0.20823728106916 1.44714908288744
-2.19941319338977 -5.66189120662111
-0.108705887570977 -0.759443428321262
-1.03828161209822 -6.03073150139544
3.86680144630373 -4.64304196603386
-0.893447078764439 -5.45465731541877
-2.166041277349 -5.79607823946337
0.986380370333791 5.83824116510379
-2.9076784234494 -1.62250845197837
3.73975595459342 -3.94187940126208
0.120574463158846 0.841977636427513
-2.69543736614287 -3.02050257303517
0.975218361243606 5.79477084051068
3.88763332180679 -4.75115498071141
1.35017213970423 6.8303273018152
-0.648672824725509 -4.22890531228557
-1.41324005462229 -6.91329565891826
2.68204255960882 3.10481445845305
-2.84946365095675 -2.0159417546588
-2.45747242495418 -4.4239401854124
3.17390946112573 -0.226178278757942
-1.53504356555641 -6.99552656677138
-1.09359565190971 -6.21798881054894
2.27157182991505 5.35039655162653
-2.4529705606401 -4.44831711074207
-3.8578735049814 4.59608828605539
-0.747137069702148 -4.75678836621679
-0.134658645838499 -0.939764384156242
-0.625240398570895 -4.09704547284722
-1.25752958655357 -6.65932360017048
2.93186651729047 1.45734431406464
-0.359135592356324 -2.46025573778608
0.270118989050388 1.86792279088847
3.71074665524065 -3.77243726211047
2.19673233665526 5.67290575264148
-2.32898921146989 -5.08255850920107
-1.52970533818007 -6.99409118876538
3.77073960192502 -4.11918678118676
0.679200747981668 4.39719942677471
2.08658900298178 6.08931419792501
-1.01832484453917 -5.95861075221119
2.15355128981173 5.84464784293488
0.301417464390397 2.07811845347209
3.31196359731257 -1.18683553731035
-2.5176284648478 -4.0897986813936
-1.74225266091526 -6.89736135061046
-3.24030069448054 0.689834802933435
-2.31610336713493 -5.14415792127751
3.81679197028279 -4.37537038569175
-1.62958259694278 -6.98790809344245
1.80786421522498 6.80421538332246
2.28550267405808 5.28700012750651
-3.15665803104639 0.105453653031982
-2.0832429677248 -6.10083251580927
-1.83564102090895 -6.75593215705183
-3.19153204746544 0.349430471575153
-3.05668926984072 -0.593609904800561
3.92989244684577 -4.96408894612273
3.88843437843025 -4.75527142661932
-2.90346022881567 -1.65121716346962
3.24247665330768 -0.704990726481884
0.610414700582623 4.01245123538976
-0.836409127339721 -5.19569085184188
-0.401580126956105 -2.73611274200504
1.652015209198 6.9769249147588
-3.33997803367674 1.37960646253337
-1.28549935854971 -6.71704680855145
1.44630040973425 6.94582271301953
-1.46440601535141 -6.96042120920512
2.65254878439009 3.28847433290359
-2.27862333878875 -5.31843557978071
-0.0164085105061531 -0.114854419495514
-1.79160261899233 -6.83004822701891
-2.46381345018744 -4.3894525080445
3.60497011244297 -3.12880364682294
-1.42619569785893 -6.92694473138168
-0.172348929569125 -1.20047864587643
-3.77605942450464 4.14923699681341
0.379675744101405 2.59433527452903
1.15392176434398 6.40051235867002
0.770108357071877 4.87349117666937
-1.42450099438429 -6.92522537040936
3.12891449965537 0.0887447000911616
1.01005557924509 5.92802982609203
-1.57676067762077 -6.99987549318639
-0.89436268992722 -5.4586719131593
-2.71619926020503 -2.88875402507961
2.900415180251 1.6719233016541
3.62480971030891 -3.25241205811545
0.509157467633486 3.41209230743907
-1.36362069286406 -6.85031046079946
3.97293774969876 -5.17186933222184
-2.12144259363413 -5.96530584038641
0.901375722140074 5.48926931480879
-3.13457176461816 -0.0491458190426129
-0.103739440441132 -0.724874281494009
-3.20443341322243 0.439595859588217
-2.71067389845848 -2.92394020321076
-1.73605703376234 -6.90462850068057
0.670978687703609 4.35226964298669
1.85366127081215 6.72181826266354
-2.67583271116018 -3.14371347379306
2.93174210563302 1.45819610160019
1.66859309747815 6.96655194218988
2.08319628983736 6.10099271595942
-2.82332713156939 -2.19043762236912
-1.13554429262877 -6.34734662575025
1.38665985129774 6.88166308531902
0.190580813214183 1.32600456887757
-1.20158565789461 -6.52828742609897
-2.07575438730419 -6.12636335005914
-3.53446562960744 2.67990858786227
-2.10704206302762 -6.01742984132964
3.12062330543995 0.146774680027521
2.49461932852864 4.21941905385408
1.98013057745993 6.42170195413517
-2.76070619374514 -2.60220483233945
-3.00206329114735 -0.973539464584043
3.79780646786094 -4.27084985064525
-0.510960031300783 -3.42310418682682
-0.287866985425353 -1.98735339597704
-2.67761535011232 -3.13255921225491
0.679492458701134 4.39878804945867
-1.83377584442496 -6.75933799560993
-2.15922463685274 -5.82269855625924
1.52966265194118 6.99407890770999
-1.73718080297112 -6.90333004626532
2.48318452946842 4.28300954260871
-3.24866714328527 0.748090044825649
2.5762405693531 3.74999204406245
-0.580573754385114 -3.83952639473057
2.04709807783365 6.22087639260277
1.2990840524435 6.74318936451779
-0.443780824542046 -3.00549983921837
1.01716947555542 5.95436247225769
-3.99627720750868 5.28054713926962
-2.26205188781023 -5.39312337219144
1.63897796534002 6.98373572673584
-2.27866809442639 -5.31823187855672
2.5114697702229 4.12470832644251
-1.53788900561631 -6.99621022075689
1.50194148533046 6.98341309257364
3.46144863218069 -2.20100892992199
-3.07376268133521 -0.474445797051638
-2.97835449688137 -1.13759913680314
1.42579085938632 6.9265358110092
-0.5684112329036 -3.76805648565229
2.67520782351494 3.14762113437305
3.77150453440845 -4.12351487052732
-3.43608817830682 2.03179991081658
-0.321718454360962 -2.21338119160343
1.61268094740808 6.99386077253991
-3.30447865650058 1.1351667599395
3.94355212897062 -5.03103924757646
-1.97520804777741 -6.43533821758614
-3.60369251482189 3.12080098895854
1.49059957452118 6.97750174527809
2.29541882127523 5.24124794140939
-1.17115139216185 -6.44839443434801
-1.06846844032407 -6.13524895788055
-1.70319895446301 -6.93873298638217
-3.36021670140326 1.51820640086052
-1.07636584341526 -6.16167373873531
-2.57588948309422 -3.75206701365389
0.288429765030742 1.99113043607458
0.0315896961838007 0.221091097542613
3.5602808278054 -2.84593602253111
-1.26942972838879 -6.6845221780333
-0.282289806753397 -1.94988887364854
-3.33975054696202 1.37804525319683
2.88085476867855 1.80455496496687
-0.834714880213141 -5.18773580892738
1.8871948029846 6.65253524840839
-2.62605275213718 -3.45103254673012
-0.361906949430704 -2.4784080971568
2.16163807548583 5.81330448030537
-3.49880001321435 2.44761467825628
2.52065196074545 4.07260359089407
-1.59085980430245 -6.99859114630738
-1.08263177610934 -6.18236627298594
-1.50309766456485 -6.9839652444524
-3.70104028098285 3.7150268147559
0.150439387187362 1.04910799964008
1.4321073256433 6.93278660250356
3.22586848214269 -0.589232725562702
-3.79578641243279 4.25963760274692
3.91262616589665 -4.87813785353963
-1.57689900323749 -6.99986965109538
3.51310720480978 -2.54118951936747
1.50086065381765 6.98288848183145
-0.423704041168094 -2.87797836993444
2.53182511031628 4.00873838350531
-3.68400641717017 3.61343358514273
1.91225348412991 6.59587405161315
-1.21024405024946 -6.549914897138
2.63400658778846 3.40248355154678
0.284331133589149 1.96360852103838
-1.80363709107041 -6.81110385731361
2.40758569538593 4.68895109320041
-3.26684244163334 0.874457980250968
2.65686219371855 3.26178920981487
-1.78515942022204 -6.83978454895288
2.02488079667091 6.29064094854923
3.71322056092322 -3.78701308905924
-3.34826751984656 1.43644668876467
2.83491797186434 2.11323100399666
2.4179057367146 4.63506420510771
-0.918611163273454 -5.56331627403099
-1.37922080792487 -6.87193825985128
-2.36049037612975 -4.9284383103412
0.555061301216483 3.68896779400844
3.10444152355194 0.259998092125097
0.237712731584907 1.64836207138524
0.695669254288077 4.4862952351801
1.32588114030659 6.79110525475928
0.239139668643475 1.65806806229749
0.0787431951612234 0.550632921833707
-3.8707161527127 4.6635136303528
-3.61832012049854 3.21211791447714
3.43480546027422 -2.02320577424511
2.15428430959582 5.84182247262502
-2.39135507121682 -4.77268804013233
1.20209200307727 6.52956569600104
1.23013345897198 6.59773380393084
-0.837969908490777 -5.20300603093883
2.49843862839043 4.19805607893232
0.376187341287732 2.57163970533966
3.08106121234596 0.423461380462424
0.426511900499463 2.89588396918683
3.24838489294052 -0.746125577770956
0.699690936133265 4.50786889972735
-0.612290792167187 -4.02320519014065
3.59668258391321 -3.07680165053416
1.67230322770774 6.96396817595824
-0.693556735292077 -4.47493387704238
-3.85308733023703 4.57076583787951
0.533872662112117 3.56209631566944
-0.079492375254631 -0.555860777375643
3.02939216978848 0.783756523092223
2.50282150320709 4.17346534949074
2.83279982022941 2.1273615239365
-1.05683241784573 -6.09561796223217
2.9915993027389 1.04602090588773
-2.78929462842643 -2.41538921595912
-1.74550664238632 -6.89343853799594
1.333641262725 6.80407204291631
3.81906861439347 -4.38779879393967
0.661917893216014 4.30241590917708
0.212720636278391 1.47783994019425
-3.51374220103025 2.54533073794667
3.75231090933084 -4.01419220422959
-3.03810297138989 -0.723135350312445
-3.29309359192848 1.05645433605014
3.04611291922629 0.667343102234166
0.0669650379568338 0.468405003094361
-1.30004002153873 -6.74498223252171
3.15467700362206 -0.0915878368640631
-3.74422697536647 3.96770297877787
-2.10216242074966 -6.03480961718308
1.49192280881107 6.97823767408335
-2.19345261342824 -5.68632533870169
-1.45204329490662 -6.95069998872655
-2.60812946595252 -3.55962856490631
2.41143666952848 4.66890103554053
-2.8297435361892 -2.14773363337189
2.58173913322389 3.71743460622826
-1.35201737098396 -6.83314232839703
-1.00664489716291 -5.91529843997903
1.03796339035034 6.02960026455443
-3.2269300557673 0.596637034066302
-3.82405027747154 4.41491473115613
3.94435824267566 -5.03496104701503
0.671510765329003 4.3551861395719
2.25458452105522 5.4262960855899
3.13516898080707 0.0449654002387637
2.03892362862825 6.24690390556468
3.83362984098494 -4.46674923057408
-3.6468234565109 3.38806594182795
3.22720707766712 -0.598569107816057
2.92400651238859 1.51111317660241
2.20326073095202 5.646012157104
-0.985468665137887 -5.83471774599767
-3.66313561052084 3.48752987425824
-1.08471134677529 -6.18918021218905
-1.8099898416549 -6.80070553805461
2.80373984575272 2.32023434654934
-1.10078630037606 -6.24094623126052
-1.56417767517269 -6.99984667763717
2.0730827152729 6.13538881204023
2.75867699459195 2.61538590857948
-0.336627511307597 -2.31214040562849
1.837053315714 6.75333765040881
-3.16737091168761 0.180427822195055
-2.24013457819819 -5.48962701583948
3.63160998187959 -3.29448824193981
2.01630032993853 6.31675519048168
2.55164306610823 3.89423392675468
-0.65778318606317 -4.27954856777418
0.750707944855094 4.77509609175513
2.39058846235275 4.77661220237573
3.10726920329034 0.240216979039114
-0.918467253446579 -5.5627048195938
-3.27742332592607 0.947893651612095
1.00594909675419 5.91269270213769
1.96508973836899 6.46287764459366
-3.31697234138846 1.22137409580551
-1.59585911035538 -6.99780161415939
0.916497258469462 5.55432298582643
2.02345646359026 6.29500794977434
3.33645706437528 -1.35543459589141
-0.193995954468846 -1.3494699465151
0.53695572912693 3.58065761012575
1.8929627686739 6.63986190589104
2.85957939550281 1.9480295787889
3.27317203581333 -0.918400248600089
-3.54894219711423 2.77323999335826
0.0232664328068495 0.162850336175502
-1.19564181566238 -6.51315712335356
2.76444898359478 2.57786471080567
2.45148131065071 4.45636135751943
-3.0613501816988 -0.561094716085965
1.70149243995547 6.94029989412916
-2.11784913577139 -5.97842893518552
-3.40034599043429 1.79112912755941
3.48516917787492 -2.35799715904547
-2.74265739880502 -2.71906198528522
1.17645880021155 6.46275900901294
-2.61185803078115 -3.53713047862561
-3.83940792642534 4.49781625739892
0.170510770753026 1.18780014394969
-3.30977685377002 1.17174712550258
-1.73598123155534 -6.90471577212128
-0.63652079179883 -4.16080822055294
0.698224993422627 4.50001351230246
2.45355543680489 4.44515517828156
-2.38403832912445 -4.81002670993474
-0.324602626264095 -2.23252532402939
-0.41485508903861 -2.82140121036882
1.86998206563294 6.68903762115189
1.71803848445415 6.92425610855826
2.64977583102882 3.3055970696134
3.09252896718681 0.343308028353774
3.62115659192204 -3.22974643015378
0.404933774843812 2.75770524264887
0.178686128929257 1.24415742854285
-2.63441395759583 -3.39999120782367
-0.165827520191669 -1.15547989035258
-1.96943362802267 -6.45113558988199
-3.68175490386784 3.59992603850028
1.07840407826006 6.16843136604168
0.316487312316895 2.17861181439531
-2.87917160056531 -1.81593634283391
-1.73030578531325 -6.91113721748033
0.664244761690497 4.31525252971026
-2.67979286238551 -3.11892066128708
-3.22959111444652 0.615194524806586
-0.571095269173384 -3.78387683141681
-1.15390747413039 -6.40047185479762
2.75946831889451 2.61024697843405
-1.91894021071494 -6.58005286728093
-3.81484406255186 4.36471857438237
2.89919631741941 1.6802071581928
-1.3232963103801 -6.78669529365413
1.05431097373366 6.08692122058648
0.371410069987178 2.5405080318669
-0.988444054499269 -5.8461986480095
-2.51301587931812 -4.11595909279922
-0.56847527064383 -3.76843425582025
1.04618878848851 6.05864407316907
0.166738810017705 1.16177093157276
1.27697069756687 6.70000043187704
1.83488745056093 6.75731101743343
-0.105417013168335 -0.736553133388503
-0.924347074702382 -5.58759347976065
-3.94533192925155 5.03969373721885
-3.97052617929876 5.16047849764392
3.95949152112007 -5.10797545815349
-3.13690495863557 -0.0328137445017471
-0.650646733120084 -4.23990793026693
1.74307637289166 6.89637523298323
1.94031305797398 6.52751395933504
2.97599058970809 1.15392331634607
0.86294368840754 5.31831894487935
2.04962681047618 6.212740620351
2.77793038450181 2.48989558463822
0.902237191796303 5.49300926232484
2.3457933422178 5.00096185686524
-3.81716253235936 4.37739486484253
-0.664683602750301 -4.31767086477753
2.99905909970403 0.994360007824338
1.17877612449229 6.46897380843899
3.39583189412951 -1.76056423693284
-2.62219923175871 -3.47447552407721
-1.47349768690765 -6.96689154361776
2.43405023403466 4.54977648398896
3.91170728951693 -4.87352272685804
-1.42091558501124 -6.92152224840807
-3.99046697281301 5.25375899273211
3.93736495450139 -5.00082955787077
-2.81318086571991 -2.25778073090549
-3.60508562251925 3.12952693108053
0.778827860951424 4.9171195272634
-1.42937245219946 -6.93011410414918
0.223432002589107 1.55104329698964
2.36337616294622 4.91407266275455
-3.44853922538459 2.11504535679214
1.56016557849944 6.9996044588925
3.58905205875635 -3.02873523083525
-1.77784546092153 -6.85049255018336
-2.00474731810391 -6.35118124496236
-2.72451615892351 -2.83562505754961
-3.42695955187082 1.97056671401948
0.459500664845109 3.10450434787807
-0.0813035871833563 -0.568498305401186
-0.0456611048430204 -0.319516678224414
3.10697268135846 0.242291399428462
-3.70636512152851 3.74656541817729
-2.3700494915247 -4.88069583280134
0.110249113291502 0.770181335724532
-2.10928088799119 -6.00940786467309
0.60348535887897 3.97260940178821
-0.141936708241701 -0.990224278571603
0.554821509867907 3.6875411507787
-2.84678147919476 -2.03391423338725
-2.83432989940047 -2.11715508057676
-0.701735096052289 -4.51880654053071
1.4640822596848 6.96018018775309
1.22742256335914 6.59136937032978
3.32789066433907 -1.29655568020627
2.50490505993366 4.16174712045569
1.40712000988424 6.90644436402123
2.45999287441373 4.41025314448914
-2.97548464313149 -1.15741634256918
-1.99377172812819 -6.383101545209
-1.34762406721711 -6.82640181400237
-0.741845680400729 -4.72954817514875
1.0829406157136 6.18337991069549
2.46889635920525 4.36167998803778
-1.9295903891325 -6.55424674666852
2.55573711916804 3.87038714679653
-3.87617864832282 4.69195983436689
1.23520613275468 6.60951275289547
2.4937566742301 4.22423573789129
-0.3090485855937 -2.12906704243966
-2.37266318686306 -4.86756404830643
-3.8498542625457 4.55360120089308
-1.73493842221797 -6.9059123360747
3.32218100503087 -1.25725871782468
3.46957216411829 -2.25491629767556
0.340252909809351 2.33607859362862
-2.2446196321398 -5.47009206665566
-0.0845775678753853 -0.591337377629889
2.40918988920748 4.68060730748038
-0.738954737782478 -4.71460955091736
-3.17030746489763 0.200976057685036
-1.75547860190272 -6.88096251785958
-1.10827023535967 -6.26449730404226
-1.92604127153754 -6.56292924181454
-0.234545331448317 -1.6268055284147
-1.07323621399701 -6.15124784974589
-3.02982356585562 -0.780755665733501
-3.62405055575073 3.24770547650589
-1.89762956649065 -6.62944635349285
3.74912934377789 -3.9959267396211
-0.0920361410826445 -0.643343832323394
-0.177423762157559 -1.2354605673738
1.99034304916859 6.3929157263604
1.34112185053527 6.81618388858837
-3.60467522591352 3.12695697978171
1.56084195524454 6.99965318956842
-1.09390746615827 -6.21899100997984
3.07306885905564 0.479291269969657
2.20237783715129 5.64966331758895
-2.88637086935341 -1.7672201042578
-1.6399258300662 -6.98328055117715
-2.99133771657944 -1.04783141370038
0.719212990254164 4.61154952573339
0.493404870852828 3.31539168649235
1.50976896099746 6.98696885730312
-1.50983352772892 -6.98699640798419
0.844694731757045 5.23437922871164
3.9282745514065 -4.95609754922515
1.94563932158053 6.51395581998155
-3.39314295724034 1.74234038864801
-0.390648748725653 -2.66551858054383
-3.57170452363789 2.91880740103809
-1.28355588763952 -6.71320529935589
1.87161719053984 6.6856550982774
-3.96714447624981 5.14445479449576
2.17527585849166 5.75958606194389
-0.29619831033051 -2.04320330897947
1.76672280021012 6.86607410292501
1.33204573765397 6.80143943412434
0.576589765027165 3.81617755024853
1.63050360046327 6.98752635147941
1.25776848383248 6.6598387536614
-1.68518283963203 -6.95425495092901
-3.22208435460925 0.562833688928882
3.69937056861818 -3.70511550648818
1.89067223295569 6.64492112582032
0.901787748560309 5.49105857711405
-3.04056895337999 -0.705963650916008
0.402072371914983 2.73928399959348
-1.89794977754354 -6.62872639736339
3.18688664957881 -0.316949573203444
-3.92656043358147 4.94761672077794
-2.11012051254511 -6.0063916212889
-2.95964323729277 -1.26663007074375
-1.39013482630253 -6.88607534572445
1.81119110621512 6.79870841340268
3.93396188318729 -4.98413193822255
1.7210682220757 6.92111286905563
0.0355184879153967 0.248577141760684
-0.511618625372648 -3.42712477219416
3.59060200490057 -3.03851305856845
-3.03854809887707 -0.720036057259105
-3.39883858710527 1.78092654631286
3.11217194236815 0.205915269588325
-0.604383239522576 -3.97778276929567
-3.66111456975341 3.47525633526638
1.1795371491462 6.47100721396171
-0.251046700403094 -1.73892589196264
0.94340898655355 5.666947884986
-1.83347653970122 -6.75988234108087
-2.74163770675659 -2.72563791639196
-3.0859658382833 -0.389186921719113
0.0614629052579403 0.429969502288999
0.384258300065994 2.62410139021179
-2.87483048439026 -1.84526661832535
-2.64184759929776 -3.35441250982879
2.09588258527219 6.05696493173225
0.2191595248878 1.52186530006482
2.88791486062109 1.75676016111427
1.38843990303576 6.88393364490133
-3.89567176252604 4.79232403593957
1.54559121094644 6.99777657518789
3.13370985724032 0.0551790029856286
1.05480140261352 6.08861579765142
-3.14164276048541 0.000350748269175392
3.36852163076401 -1.57490411024599
1.40289904922247 6.90156831920639
-2.81125029921532 -2.27056823793318
1.96273473836482 6.46919252736309
3.5407908950001 -2.72075824063307
-0.633732995018363 -4.14509906065056
-1.61821537464857 -6.99213149322286
-1.92458663880825 -6.56646394989074
-2.21694946475327 -5.58884179745051
0.525234747678041 3.50991286553559
2.05320106260478 6.20117331605958
1.35682836733758 6.84037239949683
0.372182354331017 2.54554466490292
2.49170926213264 4.23565500014991
2.07333441637456 6.13454038109911
-3.83945227041841 4.49805410238676
-0.952770398929715 -5.70516712788138
-3.59295909106731 3.05336872625633
2.38322349824011 4.81416904190488
3.38959370553493 -1.71826662459397
0.340786963701248 2.33960231749256
2.81891680136323 2.21973811580662
0.66850290633738 4.33868285985226
1.34658914804459 6.82479478907995
0.090516772121191 0.632752524462526
2.10200471431017 6.03536892384881
3.22689830325544 -0.596415575020264
2.56379609741271 3.82325656616087
-3.42854520305991 1.98121490704866
-3.9688292555511 5.15244523902897
-3.58241107314825 2.98675852153485
2.93248143792152 1.45313391350707
0.609961351379752 4.00985046985362
-1.48925942368805 -6.97674395566035
3.67572627030313 -3.56366868067746
0.729550056159496 4.66573996615214
0.251274686306715 1.74047172125652
-0.928506627678871 -5.60508381036302
-1.44357416406274 -6.94342719120793
2.46709004230797 4.37156247230928
-3.66464401222765 3.49668093679202
-1.09005844220519 -6.20657759120033
2.8527757357806 1.9937284078912
1.58357262797654 6.99942868921991
1.4758917838335 6.96849960102912
-1.21587957814336 -6.56372796055634
0.43745463527739 2.96544615347059
-2.90205105952919 -1.66080134059672
2.27945245057344 5.31466022381091
3.09490057267249 0.326725817646583
-2.36723293364048 -4.89480951690272
2.16498369164765 5.80022600121349
0.770903686061502 4.87748604108994
3.66135793924332 -3.47673504183055
-2.73049281910062 -2.79732437464682
0.207794193178415 1.44411433034957
2.98521094024181 1.09021570147591
2.95764856226742 1.28035978181549
-3.81049085408449 4.34085397172613
3.80711754783988 -4.32230467060508
-0.0782064143568277 -0.546887020102481
-0.886637415736914 -5.42465635165471
-0.65956032089889 -4.28938614753057
-3.25659343600273 0.803232259469924
-2.7055263184011 -2.95664032324057
-0.756668038666248 -4.80551749881292
-1.26548444665968 -6.67627275492229
-0.677940374240279 -4.39033127862912
-1.56758024729788 -6.99996379894554
0.482244299724698 3.24638085357879
-2.75300679542124 -2.6521605797224
3.65263811312616 -3.42362579299783
-3.64826699718833 3.39690472981312
-1.02273805812001 -5.97476482709781
3.70092273131013 -3.71432938583583
1.16342012584209 6.42714474861267
-3.50989908538759 2.52025167929818
-0.720432572066784 -4.61796874299488
-0.592758927494287 -3.91055985369158
0.0652646776288748 0.456528486755289
-0.403200713917613 -2.74655076715313
0.986091068014503 5.83712363913571
-2.88017655164003 -1.80914160279657
3.26357120648026 -0.851734072605851
0.555546198040247 3.69185204873099
0.386244591325521 2.6369863160731
-3.06537901982665 -0.532979116679141
2.09622665867209 6.05575721501582
-0.173044426366687 -1.20527470453241
2.25575131736696 5.42113265790475
-3.6317876111716 3.29558527694657
2.55875734239817 3.85275353924366
-1.84473242051899 -6.73899487366932
-1.73719668388367 -6.90331163425712
1.14577247574925 6.37720228889182
3.5849507022649 -3.00282680551665
-3.94401236437261 5.03327872552732
-1.18705862388015 -6.4909023296148
-0.647634200751781 -4.22310937597907
-0.336985623463988 -2.31450634655177
1.69354063458741 6.94733459414765
3.35878446139395 -1.50841781026278
1.01688560470939 5.9533174654858
3.21745422668755 -0.530521812905373
2.05863327346742 6.18344147806803
-2.89713307470083 -1.69422404692226
-2.77396097593009 -2.51584457744857
-2.469502504915 -4.35836053242084
-0.534518875181675 -3.5659895869319
-3.30224558524787 1.11973935188665
-2.20975999161601 -5.61899955187516
0.57718943618238 3.81969590614865
-0.798646572977304 -5.01488744740473
0.523723045364022 3.50075331839113
2.63699102960527 3.38421127395582
1.13691055588424 6.35137318891238
-0.868009986355901 -5.34130947570926
1.67663883790374 6.9608273601798
-3.1294074151665 -0.0852945581700043
