4.954645162970791716e+00
5.092594980958482509e+00
3.702698885250132133e+00
4.804175666964196623e+00
3.062417204311706609e+00
3.877662360035302846e+00
3.391240956407731488e+00
3.970241525081306122e+00
3.810313914132954505e+00
1.773666460490572305e+00
4.364731796667013164e+00
3.132373802361569037e+00
3.358234620682315263e+00
6.206661977654188256e+00
4.824929842260219814e+00
4.106817322311099971e+00
4.015987200227815634e+00
2.744764489761348347e+00
2.594608696661281133e+00
2.603007227166805215e+00
3.983125110384276191e+00
3.784405667400989159e+00
5.224884700548237504e+00
3.311742555272388699e+00
4.587191374162973290e+00
3.642375193935092348e+00
5.255543314948599942e+00
4.294452051705684781e+00
2.646169047573466937e+00
5.461488675102528667e+00
3.224131455208271824e+00
4.276628898460257844e+00
5.193710568540200967e+00
3.564231502043290867e+00
3.957270194252771489e+00
2.564938191487653008e+00
5.874275678614296226e+00
4.734993831045684054e+00
6.188703326306532304e+00
3.249400525843780141e+00
3.807528804404005651e+00
3.485046953781562262e+00
3.885920526590206592e+00
4.357497845214542309e+00
6.825019380355986875e+00
3.397186466846942032e+00
4.713014677081790893e+00
5.395100206550339728e+00
7.100301939293842679e+00
5.302042818630768650e+00
3.992923838382961943e+00
4.735355534087755558e+00
3.095424339953838366e+00
6.529120405678317418e+00
5.871873539856293789e+00
2.911904818688505259e+00
3.683623684920883878e+00
6.883677325037365513e+00
5.290702770049713344e+00
4.688717169079368752e+00
4.075029204540548733e+00
6.590481339095068947e+00
5.684188675605366114e+00
5.482023405237712588e+00
6.144268602903675713e+00
2.695585254115782092e+00
4.907401651851420965e+00
3.744699376237357935e+00
5.462978459697177769e+00
4.169548053700060208e+00
5.012901535551970156e+00
5.540880033123327664e+00
4.188247593532381075e+00
3.816242389921055800e+00
4.186544827432712168e+00
4.650354405997529028e+00
5.545987400106422882e+00
5.026975873326536615e+00
4.525378221901460662e+00
4.120650539973349069e+00
5.054142128097516284e+00
3.743128585035351730e+00
5.000201133463916037e+00
4.431242232168811412e+00
4.361117365933931289e+00
6.814665595213852178e+00
5.760518731906634216e+00
4.466217426755076936e+00
3.850771185376651751e+00
3.252633835107161087e+00
4.419212350300602665e+00
3.136429305853056793e+00
4.780594856671947390e+00
3.990382506780287386e+00
3.431034212797887228e+00
4.130712208326136725e+00
3.670886089260190666e+00
4.217846181909090220e+00
4.369176078738890467e+00
4.556426009747495343e+00
6.788687309518096846e+00
4.128260077611641599e+00
5.226296792828479809e+00
4.922393341692716362e+00
4.119121804473721227e+00
4.512053223349612452e+00
3.813680973832270560e+00
2.963511907717435445e+00
4.676178601426185466e+00
2.151334078541146333e+00
2.974891678286132102e+00
3.875248735768367592e+00
3.549455628517345307e+00
3.912468692864145670e+00
4.633068205040542509e+00
4.275470940016872667e+00
2.434393386687521588e+00
3.367684233713442943e+00
3.203599173048752746e+00
3.409137899990875020e+00
3.558962633365295947e+00
4.082663055425407528e+00
3.948201126170950648e+00
4.169813069905838887e+00
4.686227949216196897e+00
3.565958282719842831e+00
3.770968179174662982e+00
5.648262112151748227e+00
3.923905417502434823e+00
3.726526257506542983e+00
2.676916921460964716e+00
2.254116495868828896e+00
3.392111256854987378e+00
2.753654366171053081e+00
2.241799870362208846e+00
2.846621202026465625e+00
2.806652031678553261e+00
2.475492490294812775e+00
4.244173530986982357e+00
3.940244381185469713e+00
2.680725741998599254e+00
2.104369777222486526e+00
2.092871783378850381e+00
2.698707172952964140e+00
3.010111230495594814e+00
2.709521382534882505e+00
4.297851721678017434e+00
2.640069520328799157e+00
2.848494326870305127e+00
2.632669662153964474e+00
2.125651288509495807e+00
3.036857560831975444e+00
2.733296687207164233e+00
1.642918200645545390e+00
1.735873822826522250e+00
2.598360213107437477e+00
2.601408014103598454e+00
1.941798642873531655e+00
2.923851168620545504e+00
2.772667843009739119e+00
2.158711963297984759e+00
2.127105865071408086e+00
1.320875421327587063e+00
2.718822896849525605e+00
2.178605950968453886e+00
1.677961547186897384e+00
1.460377302486381978e+00
2.011221834253309027e+00
2.285689665200800302e+00
2.009946659985486050e+00
1.314948848473106668e+00
1.422310582556160607e+00
2.902266710058649668e+00
1.371525009182172017e+00
1.472842523453077757e+00
1.758447139198168419e+00
1.824805861730030898e+00
1.650248709469843700e+00
1.584826593435522568e+00
1.837062245397497851e+00
1.379121632316201662e+00
1.957354887531370657e+00
1.516906488612584258e+00
1.307135142815664786e+00
1.402344165802303255e+00
1.296659270970860867e+00
1.863790684812871135e+00
1.316123908656360531e+00
1.323501355087795428e+00
1.762865909046947621e+00
1.290070538790736965e+00
1.690808956906538540e+00
1.423209859966097390e+00
1.333518144072671330e+00
1.324971320807124986e+00
1.770912244867673291e+00
1.242645927193921196e+00
1.311970676341758235e+00
1.579182580600208663e+00
1.380589637949209969e+00
1.280202198923528378e+00
1.352644507654973349e+00
1.317001069689728965e+00
1.243412236556582062e+00
1.240518929406185134e+00
1.331529757956201099e+00
1.249601812599174355e+00
1.376416889087302309e+00
1.240555150468455103e+00
2.022658276417389711e+00
1.240081393299243828e+00
1.260412756779292209e+00
1.273287187318087987e+00
1.240008893477360985e+00
1.242654361700115118e+00
1.241232793222948771e+00
1.389496291777982506e+00
1.262721676376801216e+00
1.390260450023328875e+00
1.463202365424393303e+00
1.254497301143448595e+00
1.288725434879726794e+00
1.243120407443491615e+00
1.666702616185552266e+00
1.295405693671850766e+00
1.279522428106283360e+00
1.252026989694289494e+00
1.485626184915773251e+00
1.290875111221596150e+00
1.679405893653635129e+00
1.317385586455924518e+00
1.241162956324443289e+00
1.516824423774058683e+00
1.267793600655422015e+00
1.800337739771499468e+00
1.726899880867175607e+00
1.374991580805888347e+00
1.478021795518630555e+00
1.497879279663336671e+00
1.903023361309944317e+00
1.396704755816435828e+00
1.709491765651803163e+00
1.712106792645915032e+00
1.479770503794684444e+00
1.388262887544158275e+00
1.298980590449462902e+00
1.878579915656153787e+00
1.283883871384592368e+00
1.261766730998919783e+00
2.188973304050181756e+00
1.855768884941270347e+00
1.629617152825313386e+00
1.955741398965142874e+00
1.461735129021271451e+00
2.383902062193351323e+00
2.283697051909242770e+00
1.843166762737766362e+00
1.305516949517338432e+00
2.333044117702043341e+00
1.463214103288972279e+00
1.421148408144021325e+00
1.830504625026915022e+00
1.640949413270981871e+00
2.168063555207019100e+00
2.641311095962970867e+00
2.738358427355154223e+00
1.941210058244135173e+00
2.215515087957129925e+00
2.827361335345531579e+00
3.203644290609688028e+00
2.447433631627597084e+00
2.861332199351593886e+00
2.614375234908864698e+00
3.011122107617234089e+00
4.043665456499652144e+00
2.086379963897068812e+00
2.558160164465767217e+00
2.956061687380535652e+00
2.568184274357263597e+00
1.853311501963925689e+00
3.172647915508694627e+00
2.296813339108763508e+00
3.121499725798346780e+00
3.457297111462740880e+00
3.792310038520835480e+00
2.067266537782125546e+00
2.058294542667233884e+00
2.830331782020524045e+00
3.743817491498697692e+00
4.125570888505365019e+00
4.263815805301781836e+00
2.290340446760660065e+00
3.885154516609591102e+00
2.812267423512899711e+00
2.391279632029546853e+00
2.402989457208565938e+00
2.098866666798052893e+00
4.179501280237811756e+00
2.835897064132400835e+00
3.408152937516040204e+00
3.776719385244712512e+00
3.319560628845068972e+00
3.661723371110042979e+00
2.621104044578917325e+00
4.456876404062404262e+00
3.444928167119048812e+00
2.680840397905909889e+00
5.426327730446672604e+00
6.379946389632527470e+00
3.487945056556239098e+00
2.291300793541614311e+00
1.670918740252352652e+00
3.560011603834333460e+00
5.353611976406922324e+00
4.515793977551560978e+00
3.096997559573812175e+00
3.404597575112069840e+00
4.947987875712508199e+00
4.694894881654086305e+00
5.321626909394444382e+00
4.322143379654528772e+00
2.410785157303724002e+00
3.456936436101949894e+00
3.741422898952317500e+00
1.668756635907367780e+00
4.552690721592986378e+00
3.795559586841261712e+00
3.839520451564893300e+00
4.767856271554055780e+00
3.226316824939281958e+00
5.090131929698191726e+00
3.304022233696318089e+00
4.436543925100853158e+00
3.481929070657674430e+00
4.274319871163644535e+00
5.594208248691835195e+00
2.893121897893013106e+00
3.225814165933111433e+00
5.693705132767757249e+00
3.938558586439246945e+00
4.171838774114171144e+00
4.461249238005266626e+00
4.960729621916486920e+00
5.296887549729713207e+00
4.623337078680226142e+00
4.367902224105147724e+00
4.283439827880187067e+00
7.131304607672773521e+00
3.889430051488074191e+00
5.025019665730106055e+00
4.952043390260202571e+00
4.433096162366401138e+00
5.819626132413667108e+00
3.194773590785787931e+00
4.158275974954424470e+00
4.948347701547559652e+00
4.281567669870467441e+00
6.343297889256343858e+00
5.017817813515021541e+00
6.386019415311024794e+00
4.631166743312650880e+00
4.429393390353258297e+00
4.482745147026967913e+00
5.424933986003760644e+00
5.347823511455960244e+00
3.609850787587924881e+00
3.982869321492717773e+00
4.748437135554798516e+00
5.555967876260385907e+00
3.963934199366352829e+00
4.383697248199446506e+00
5.909482379360232684e+00
4.374779497297737407e+00
5.335489876953234401e+00
4.898006061236842790e+00
5.013952079727257427e+00
3.973265238728272308e+00
5.147442717152324931e+00
5.208646424692842558e+00
4.457725074464862658e+00
5.159400798786942133e+00
3.154555359788932201e+00
4.963689745843895551e+00
4.090271943100185936e+00
3.664817263083784304e+00
5.838130473177042035e+00
4.154941410836894278e+00
3.471938716374497691e+00
3.481353549690977545e+00
4.850658347072590360e+00
4.475343828844012606e+00
2.957313255950098085e+00
4.455426612440070322e+00
5.314021179881259549e+00
4.445047796900141179e+00
4.388331341358720827e+00
4.576445034190200545e+00
3.765677224129181599e+00
3.703907655233709573e+00
4.254877858857379458e+00
5.198408981146105390e+00
3.882902383395041124e+00
4.122864586397568587e+00
4.043394396713958727e+00
3.680895593488608508e+00
3.425758778629738543e+00
3.660780621787786959e+00
4.925201389055535728e+00
3.208512108881445446e+00
4.308727152793854209e+00
4.781776980900591667e+00
4.166896901334435910e+00
5.363289237122375042e+00
4.392122917586063657e+00
2.994950387877813647e+00
3.791491428310693301e+00
3.318766807525457274e+00
5.034255985005132494e+00
3.931181787829295615e+00
3.666881150292470526e+00
5.526576093030666215e+00
5.684319423867943755e+00
4.334377782824748948e+00
3.228887891427225210e+00
3.128801595518801992e+00
4.551478919669857071e+00
2.842656736192747058e+00
3.007952155693098817e+00
3.026118522152696055e+00
3.490492211699236069e+00
2.235258764167235679e+00
3.517256216464629492e+00
3.118611478164045714e+00
3.850902098806272100e+00
4.742664319038011556e+00
4.676446901495991071e+00
3.458458089865282581e+00
3.477687516994025341e+00
2.452541202269275189e+00
3.543626051694617196e+00
2.539958242733702853e+00
2.153855091904543606e+00
3.477969709559067812e+00
3.180143575962674607e+00
2.483118044789835110e+00
3.472434553258108014e+00
2.482356656820971619e+00
2.762773274911949795e+00
3.254324004550752214e+00
2.130520182697704712e+00
2.324336002511615540e+00
2.398034495226097906e+00
3.254174405185719987e+00
1.921657750272603327e+00
3.145131780975871649e+00
3.580164765443185626e+00
2.176410679978547869e+00
3.246430978763195085e+00
3.842781033156311921e+00
2.412612935258492630e+00
4.012827491840155858e+00
3.170628255454372546e+00
2.491102109934003828e+00
2.522604892989548375e+00
1.778709617273702026e+00
3.024439149193018483e+00
1.609106335417880285e+00
2.360519630127582147e+00
3.038279490676757622e+00
2.458873751840498389e+00
1.835660945390750420e+00
2.202795298060327589e+00
2.199328652445388776e+00
1.705118575043645279e+00
2.958429182508838906e+00
1.490060532156130435e+00
1.603821357017722882e+00
1.996511327918597534e+00
1.714058665638168666e+00
1.749048391369580902e+00
2.325032872820275820e+00
2.097337873355781035e+00
3.114699474574620819e+00
1.326495907487227122e+00
1.535111683294207108e+00
1.895522157120998141e+00
1.623715776522687282e+00
1.622335266143992705e+00
2.409489588390566706e+00
1.505628737922524607e+00
1.278754135505655309e+00
1.698228175957288588e+00
1.302251604420712638e+00
1.625109942313974098e+00
1.599709027510361814e+00
1.523546738714518511e+00
1.910046466922811437e+00
1.672771744005616679e+00
1.355220462569711515e+00
1.673926628413277218e+00
1.637543180256962660e+00
1.478085340499204925e+00
1.402469769154058188e+00
1.370034882567798817e+00
1.316881110009429090e+00
1.364465540672713750e+00
1.385358549666379613e+00
1.524209221355353527e+00
1.374934777305782507e+00
1.277343381663812671e+00
1.452317868969859038e+00
1.250962675908973143e+00
1.475876542477384312e+00
1.254310893453692621e+00
1.253949025227519165e+00
1.403387750952671986e+00
1.257125365694023333e+00
1.329559610553232130e+00
1.242876632378980606e+00
1.239609135688596986e+00
1.431856407504428219e+00
1.416958202157085012e+00
1.444788755978241301e+00
1.489546084215947808e+00
1.239301006420845397e+00
1.338143134785007682e+00
1.277194044901102110e+00
1.245609175530716151e+00
1.430294986878707597e+00
1.261308328498053744e+00
1.297789476772786443e+00
1.399250992974400809e+00
1.739231294378732695e+00
1.248136358406914947e+00
1.374809741644950734e+00
1.390060817506347135e+00
1.239330139950016285e+00
1.685152890499903577e+00
1.250499543903082600e+00
1.635941066947873779e+00
1.871639047922040167e+00
1.425090892452412383e+00
1.280080807699346401e+00
1.438051566272599668e+00
1.246331452637980952e+00
1.289379584736992435e+00
1.629435406070872450e+00
1.387751319820417439e+00
1.301190816352372437e+00
1.352715632992765649e+00
1.239290713990214066e+00
1.239431690107851480e+00
1.670024708500860822e+00
1.692688498737883851e+00
2.498537748793184576e+00
1.445908472872682538e+00
1.679160411881019943e+00
1.312680781767076699e+00
1.748169228778523543e+00
2.252357836932175061e+00
2.155166703489031832e+00
1.927575682319073280e+00
1.790090721877850566e+00
1.291874625812328592e+00
1.774604745677952788e+00
2.126716115251393813e+00
1.688158789613152688e+00
1.872703094496944498e+00
1.864752261346617868e+00
1.593761141299354644e+00
2.168808719652290051e+00
2.499618063308468141e+00
1.428471032328674450e+00
1.593510243789162839e+00
2.313503097793270680e+00
1.560000353449803256e+00
1.854197986542060583e+00
1.734186078839764722e+00
1.549679840932921771e+00
2.505147530870575068e+00
2.082303127886976135e+00
2.623403521553784756e+00
1.958646023194749564e+00
2.868299625221771176e+00
1.630025681025435436e+00
1.596212956597528709e+00
2.299247377371391732e+00
1.862026438830997943e+00
2.111864415392714633e+00
2.275369926956339661e+00
2.210932044021630016e+00
3.684468415148645093e+00
1.964364657637090339e+00
1.581387140555349902e+00
2.181224607020198381e+00
3.505281064253291223e+00
2.027527627317736503e+00
3.426444520741611210e+00
1.350594363127262110e+00
2.707847497426718153e+00
2.321447785327405811e+00
1.771803797846195572e+00
1.635803668944245448e+00
3.835458417289309363e+00
4.748901868745161181e+00
4.230639804101048007e+00
4.938570256161632699e+00
2.722213876078519057e+00
2.195862437008799795e+00
2.066970330461612715e+00
2.599200632849074655e+00
1.542162381937715043e+00
1.974286436662196831e+00
4.487250963956659788e+00
1.979824421021219472e+00
4.765686983713718128e+00
2.427654188108258726e+00
1.720481583080972765e+00
2.483790825278845649e+00
4.441272902672869449e+00
2.528867879982274136e+00
3.954760473881208771e+00
2.961487180184121826e+00
2.320756742468417677e+00
6.204214696229359838e+00
4.865792119279527483e+00
5.652189191849757322e+00
4.880395862518348338e+00
4.775092706150537047e+00
5.743295500650432928e+00
3.832007698458955947e+00
5.591127199773557876e+00
2.230401017380443385e+00
2.000070250113593850e+00
5.550221031277777328e+00
2.222289746903381324e+00
5.840895721519104633e+00
4.886596177422889653e+00
3.279209308616549912e+00
5.295613440337090694e+00
6.547739525467106247e+00
3.034884931096998972e+00
3.535096823405296185e+00
4.413604378172294673e+00
4.363910762056698367e+00
3.144525163471480589e+00
2.637106978891108344e+00
5.866310350025750076e+00
3.937312847040218333e+00
7.071257999503854919e+00
4.132947260350860574e+00
4.626851766267279231e+00
2.659661513636203178e+00
4.968560308202303766e+00
5.852647286134807558e+00
3.441281451052347062e+00
6.636172381411070909e+00
3.093037621784562319e+00
5.768891135469083054e+00
4.010816670283050556e+00
6.036013539252341076e+00
4.228385511427896759e+00
5.938440469816125500e+00
5.743821405832334470e+00
5.189009808473942442e+00
4.180745498342498756e+00
5.955212441395422829e+00
3.220388823347035689e+00
4.620685861047543419e+00
5.064407594522700506e+00
2.959501619478874357e+00
4.474550454136078770e+00
2.933339227887509892e+00
3.799448106533636960e+00
4.338118398189061864e+00
6.210372222247044327e+00
3.544077348437943531e+00
3.704630643681922741e+00
4.596161253225547583e+00
4.123400971335872356e+00
5.724126197171818475e+00
5.510706946261663575e+00
3.630125534972770573e+00
4.446147478784535423e+00
3.498345572170959983e+00
4.551801746095384793e+00
3.572400252019798828e+00
6.982885919355533488e+00
5.555041059144446791e+00
4.120293666156904955e+00
4.016042204747558131e+00
4.244163149089146714e+00
3.833730755218003772e+00
3.952291013244848550e+00
3.789511596128898319e+00
4.453863921982200935e+00
4.779099850630540658e+00
4.202195344678539612e+00
4.578186547799083961e+00
4.038202222548711973e+00
4.428729118737394721e+00
3.943253245092034120e+00
4.908046945787365445e+00
3.416642319586972842e+00
6.438456533035090246e+00
3.196817113786464493e+00
4.675010888904100881e+00
5.350727997827709359e+00
5.213490521498226116e+00
3.644741815484167535e+00
3.223282826194148409e+00
4.988174600584826202e+00
5.263846240568117452e+00
4.110305159005226194e+00
3.746474491613998037e+00
3.549157200924931477e+00
3.577208686842228147e+00
4.227392906262998018e+00
5.249133320890397414e+00
4.376264776525003342e+00
3.737834558806597318e+00
3.792287067807170953e+00
3.822622994851047729e+00
4.207893007576227973e+00
4.360653839616581706e+00
5.455890434325391780e+00
3.159153373017010935e+00
3.983186263948840011e+00
4.623023552391648749e+00
5.565917557828550244e+00
4.412441062201553521e+00
4.675793976942847152e+00
3.796091524164949327e+00
4.335485373540219456e+00
3.578936742539311933e+00
3.785368531080352206e+00
3.864557414133525715e+00
3.566715913730546639e+00
4.475239871295888960e+00
4.044569292834552243e+00
4.067860730180065332e+00
2.989133435298535257e+00
3.509593567468963116e+00
3.567923215953559435e+00
5.035199770119483276e+00
3.694199235763555134e+00
4.184277337006921726e+00
4.160551722888754966e+00
3.577707179083224887e+00
2.675082813402653414e+00
3.072855911201420653e+00
2.865278089934101047e+00
2.492127241068403443e+00
2.792846968671657049e+00
2.697115387439756429e+00
3.736675188076358456e+00
2.660257473254735938e+00
3.162511445782509867e+00
3.695220072973990799e+00
2.545268120564803116e+00
2.100206916246871280e+00
3.329388849233456682e+00
3.659362178818867495e+00
2.796795257162161707e+00
2.398065382235243348e+00
3.713350449915528539e+00
3.193687141056300582e+00
2.844411632288357250e+00
3.077568353887969455e+00
3.865956548220578881e+00
2.475053984156740938e+00
2.417205168579461994e+00
2.460552033445856601e+00
1.947425186412274911e+00
3.307484373893367469e+00
2.854991425917097203e+00
2.831025426203160222e+00
2.646133279884818279e+00
3.071708883653668565e+00
3.411174911821761579e+00
3.116919577426047638e+00
1.839684243236292094e+00
2.784779482744751622e+00
2.075411033146437934e+00
1.706926590874173755e+00
2.468107020938298035e+00
2.226722446709662240e+00
1.960564664129706536e+00
1.984291473151269081e+00
2.457736743508776911e+00
2.368025804303525383e+00
1.759683683035357049e+00
2.088275623944628734e+00
2.545403323767804871e+00
2.267798324466612669e+00
1.401269953157304737e+00
1.393965321570950877e+00
1.499072131089788318e+00
1.960707103740469748e+00
1.950143851284422247e+00
2.398516367419520456e+00
