3.579232655033308230e+00
3.778232051850350715e+00
4.942295363067081837e+00
3.680673763988032032e+00
4.029068879701197758e+00
3.013794834314173166e+00
2.660795006332911772e+00
3.238363882542947270e+00
3.166435656392930564e+00
2.120467933558623841e+00
3.832660944832808170e+00
3.551219466379540446e+00
3.715841359813896627e+00
5.823532578562122808e+00
4.497447185878511888e+00
3.825381265226729610e+00
3.763127719133198212e+00
2.942374413137984757e+00
2.761549650272783651e+00
2.749008549758117148e+00
4.154539061012892276e+00
3.664828369174852885e+00
5.123824215795945491e+00
3.389845196011199491e+00
4.545017976016580086e+00
3.625428759705117798e+00
5.273697459439185664e+00
4.335005686015229287e+00
2.604751244537991450e+00
5.571787918598543499e+00
3.134276889508961883e+00
4.151252825365178367e+00
5.391439266420015031e+00
3.397043444321278471e+00
4.183815454805792200e+00
2.387107353560618872e+00
6.207411651184418844e+00
5.071403402026477991e+00
6.591064853697287340e+00
2.952484313170009589e+00
4.191677617730757532e+00
3.129403783945464923e+00
3.484753525370253513e+00
3.908240168153535254e+00
7.433768175466453521e+00
2.955700073230193681e+00
4.166967753374082761e+00
6.059409740695976154e+00
7.846247331285451487e+00
6.024975968221099265e+00
4.669333317104563008e+00
4.052612271808960109e+00
2.535230121918842894e+00
7.425394163431720429e+00
6.777892587842863747e+00
2.319293847039082479e+00
2.965248308022763624e+00
7.923803946497561590e+00
4.378563190811634698e+00
3.793930102777621105e+00
3.215755404549982099e+00
7.758573103336222410e+00
6.849308544357335826e+00
6.672016482999257647e+00
4.988861471903621947e+00
1.961059060552910349e+00
3.783374325742141497e+00
4.925969460077531892e+00
6.847087963231663466e+00
5.460319690301581375e+00
6.315058042723122433e+00
6.808054581783303583e+00
5.278910979301221218e+00
4.801111784182097608e+00
5.143601407991668317e+00
3.819734753551849327e+00
4.718419087007452717e+00
4.290890853595454857e+00
5.242116851432202296e+00
4.745667080308100694e+00
5.663252859682793350e+00
4.217352442893836262e+00
4.577964426249733876e+00
4.087974116142156333e+00
4.080070786673259953e+00
7.114548081547356517e+00
5.975819931480361724e+00
4.594730925927589915e+00
3.908573901957586028e+00
3.268303151233960424e+00
4.497282237081268619e+00
3.077582139827945706e+00
4.705310462533669025e+00
3.905282243916287310e+00
3.539186924788745969e+00
4.266107359284598388e+00
3.807793672353191106e+00
4.379750185904672577e+00
4.221321814856137777e+00
4.394361728987522753e+00
6.598530856390182997e+00
4.337369872637999890e+00
5.474125238958629680e+00
4.705709643659501396e+00
3.903129274893484268e+00
4.782499081182025158e+00
4.073310263558385103e+00
2.750297625675956148e+00
4.400488897400242294e+00
1.970173226632625507e+00
3.237985725889563238e+00
4.197940636726944952e+00
3.260681681092549411e+00
3.598555974270500446e+00
5.024301070715835316e+00
3.925681643382767039e+00
2.177106604719963201e+00
3.035589388222402540e+00
2.871193521223943890e+00
3.801082377401030943e+00
3.185099866045979944e+00
3.670998808404529079e+00
4.395434955467115934e+00
4.582370100446381045e+00
5.072368561004937604e+00
3.859700325150932976e+00
4.030260980402493587e+00
5.909747449277153564e+00
4.099989800786035588e+00
3.853933111626312691e+00
2.738766510593659831e+00
2.228054372703410113e+00
3.387607470900827700e+00
2.746555316533246582e+00
2.232331954189405998e+00
2.842859250005872251e+00
2.803934900155426124e+00
2.471370581346253648e+00
4.259356169373278433e+00
3.951618481547878314e+00
2.682219766918374937e+00
2.097726844049071726e+00
2.090604061289919713e+00
2.694730332265523387e+00
3.007087566819958813e+00
2.717846929048814086e+00
4.299690116189575306e+00
2.630507032651453247e+00
2.862430114259735259e+00
2.620505101658630931e+00
2.109740057994465179e+00
3.057229056549437107e+00
2.717747644198198476e+00
1.643207217838395628e+00
1.715315358653945577e+00
2.578435641899041286e+00
2.622535810050619531e+00
1.952068272644915226e+00
2.900913134225653778e+00
2.748026942778694082e+00
2.176600849678560490e+00
2.145396608754411183e+00
1.316499889702646975e+00
2.761198333800621185e+00
2.135374149416687573e+00
1.700762702489394762e+00
1.423683402912470530e+00
1.954845082804495426e+00
2.347925318276293805e+00
1.943825670840240161e+00
1.324690995453181586e+00
1.375692543183087757e+00
3.012577915197943490e+00
1.396076706917213528e+00
1.414400361425732555e+00
1.828890035562183769e+00
1.734610501246582448e+00
1.567903829696446483e+00
1.651477262546102942e+00
1.932710120553181365e+00
1.319292623317523283e+00
2.073376307353476555e+00
1.589568765043412046e+00
1.340495328728867896e+00
1.330802174288388429e+00
1.330486322115225661e+00
1.729278886897648970e+00
1.260539252598446236e+00
1.372875095522961608e+00
1.898348204761183933e+00
1.241184308134103631e+00
1.825469425418767777e+00
1.331777311019547660e+00
1.398217016199291951e+00
1.388939955437920926e+00
1.611746892930538966e+00
1.228431947464993179e+00
1.247777406842287107e+00
1.724247844624241299e+00
1.489893714422177329e+00
1.334613692862044676e+00
1.273782359440818190e+00
1.254746128164746288e+00
1.251353877370993573e+00
1.240106145764787726e+00
1.276929667675698266e+00
1.253783145510959596e+00
1.324323768704634308e+00
1.225094759099021768e+00
1.954547194129827581e+00
1.224955251644417320e+00
1.251658898648110085e+00
1.256763954965228969e+00
1.225544918439479769e+00
1.229836300936227644e+00
1.227789889592181272e+00
1.372262777837274239e+00
1.249715311513459604e+00
1.378190941724807050e+00
1.449526301196418121e+00
1.239193526890850716e+00
1.271703377351046882e+00
1.227676907641386261e+00
1.673833320266294944e+00
1.289367390786055445e+00
1.258640122297415065e+00
1.233532632707655452e+00
1.451374584648683186e+00
1.265829563342862230e+00
1.708565293658114381e+00
1.322715922794837518e+00
1.231039807993067559e+00
1.545679234972973326e+00
1.268890444300739606e+00
1.855809955930842303e+00
1.658172033848136717e+00
1.399676978972123731e+00
1.517893439372958841e+00
1.435479993434163770e+00
1.986879375253341795e+00
1.433919084372497377e+00
1.621489448038701209e+00
1.620594370987479937e+00
1.537344652382745647e+00
1.326825621640843611e+00
1.255126120299260073e+00
1.991965255882332642e+00
1.308885941612581760e+00
1.278284915325651916e+00
2.036871817691924935e+00
1.984897023449534004e+00
1.735234071776460496e+00
1.807862830111055974e+00
1.546023416178451626e+00
2.234546030395600180e+00
2.387301448892257927e+00
1.787009136797415465e+00
1.286152237307092161e+00
2.349847113258812570e+00
1.423086796462734949e+00
1.456093033327942265e+00
1.937637850144120932e+00
1.521006890432800684e+00
1.964877488422544172e+00
2.416208811993002303e+00
2.523257941092335255e+00
1.793622440551815522e+00
2.059639845925816726e+00
3.009560597142269422e+00
3.384504287787804433e+00
2.322147556021678216e+00
2.740019887863841319e+00
2.514940875355444749e+00
3.109428938280999866e+00
4.145051141596206357e+00
2.039579538058891917e+00
2.522776281673984045e+00
2.980386637029024843e+00
2.570781359146245393e+00
1.836539721407686621e+00
3.143724944110272368e+00
2.253080532451028350e+00
3.055869903874606219e+00
3.370450003969812869e+00
3.687465039553369461e+00
1.981904472060880273e+00
2.145388295915236831e+00
2.966063605111550761e+00
3.925042496893108801e+00
3.947075052228862901e+00
4.489288311003091891e+00
2.441546230687678953e+00
3.618868480490847084e+00
2.532205935692692478e+00
2.717466539636493206e+00
2.790681974623983930e+00
2.495186258145094538e+00
3.543362295253056349e+00
3.481925017007915457e+00
2.796538807695235107e+00
3.232386697410325471e+00
3.770239894339466602e+00
4.016442440373618972e+00
2.805344615677277442e+00
4.353463182666224895e+00
3.459274126199501698e+00
2.582304436292700789e+00
5.729166168138274173e+00
6.886082997850461851e+00
4.051622402846921212e+00
1.833921554458529446e+00
1.342054836950513863e+00
2.635196153106661221e+00
6.833128583460190697e+00
6.119352909159895049e+00
2.014762521599724021e+00
2.273359284833376570e+00
6.517202201964308550e+00
3.410085450635503612e+00
6.788138776472632863e+00
3.190469003690231897e+00
1.723648860225089230e+00
2.555561207873105367e+00
2.872423944519773453e+00
1.360234667366045258e+00
5.325112489433101004e+00
3.363881762362413319e+00
3.991213357934757067e+00
4.980304807048650417e+00
3.699207792034630238e+00
4.230124134942357728e+00
4.270007716024961653e+00
5.539886501714290645e+00
2.634094809430818085e+00
5.372967834401482179e+00
4.504321631528210190e+00
3.813671125297028563e+00
2.408740516437441137e+00
4.582019650652624065e+00
2.999353145821458622e+00
5.291401605545466680e+00
3.423663257424579331e+00
3.720358269428796216e+00
3.868072047104154088e+00
6.357285697037641015e+00
2.814114054592524727e+00
2.627887578053107909e+00
4.862883627793191721e+00
6.232238102158349058e+00
2.817542394078466295e+00
7.838057934265046711e+00
2.184184989520844500e+00
3.024373677618186207e+00
5.867119758565548793e+00
6.298215348286860582e+00
3.654381976154881695e+00
3.670754501826566152e+00
6.391322834713784928e+00
4.321630980535374533e+00
8.002879703985092519e+00
2.787177761689102695e+00
2.180632970256304759e+00
1.901858557365962543e+00
8.835856197519849076e+00
8.353869610708555271e+00
5.947469038929520835e+00
6.026901769936222841e+00
6.525818847239287734e+00
7.022767514454002047e+00
4.929571569703361078e+00
5.035740912118299661e+00
6.255786818654218706e+00
4.429631920007965462e+00
4.958800636804747697e+00
4.280036915617957405e+00
5.689939357594932190e+00
3.432258216090139147e+00
4.554860516031272510e+00
5.852876016115850177e+00
5.052644926528667035e+00
5.774620084073333715e+00
2.732478706252393419e+00
5.524084652887720992e+00
4.582835662815611499e+00
4.107754146177843069e+00
5.382898485198664318e+00
3.774237998315188580e+00
3.834048863296235954e+00
3.209689146492981759e+00
5.124630464193890234e+00
4.319910121973787653e+00
3.037042239290193901e+00
4.488586198983229636e+00
5.272393516931298763e+00
4.327426033749508072e+00
4.611166579316805070e+00
4.882289535939982272e+00
4.115301309851721712e+00
3.991665203548123486e+00
4.498218828043071937e+00
5.041322612920689394e+00
3.799556309745323102e+00
4.168020179377533552e+00
4.085291027077780690e+00
3.779681891619899314e+00
3.290466044997016226e+00
3.882071366231997445e+00
5.253577944871206995e+00
2.917000461732776717e+00
3.886858677729255085e+00
5.386423570114763137e+00
4.848959315617430654e+00
6.232943774244677826e+00
5.317946437606400956e+00
2.273631125647053608e+00
2.866151456478382098e+00
2.415741609930682099e+00
6.371448640869715518e+00
2.963756350737036360e+00
4.663099051615470003e+00
4.576411772412633638e+00
6.631739504127359908e+00
5.099592745859112597e+00
2.719961524137684883e+00
3.607156516453761341e+00
4.989278993249509853e+00
3.063564670602647588e+00
2.903164025084659539e+00
3.032297939918356722e+00
3.624727120624852805e+00
2.060239400867573512e+00
3.163317117252343547e+00
3.605656566656782136e+00
4.536535367618905745e+00
3.936258510055999249e+00
5.720483010208087471e+00
2.570750395556503420e+00
4.679086105059022671e+00
1.662406805387411701e+00
2.342369448756459249e+00
3.688819765796174988e+00
1.540303530472026949e+00
2.630005517521112335e+00
3.968911153756586874e+00
2.033899390702613719e+00
3.958271947825295900e+00
2.248646733394462860e+00
2.895724783884999098e+00
3.254010495169204376e+00
2.240210166675622450e+00
2.570692917918915299e+00
2.729406008483469037e+00
2.803500594308890648e+00
2.310357772719523251e+00
2.559949661493969852e+00
2.866309134989853291e+00
2.841915924027506257e+00
2.437962620537136527e+00
2.861869607667141491e+00
1.760691540150562062e+00
3.079503034872271172e+00
2.405870326538797066e+00
3.233828215795210070e+00
1.949910480860688633e+00
2.251115232048710446e+00
2.426456727695750271e+00
1.957290373889928325e+00
1.934514256362140472e+00
2.548456040823789959e+00
2.076386773932816787e+00
2.128293122331965215e+00
1.914765197128026841e+00
2.484513083084872509e+00
1.538802450039267189e+00
2.705050070784091876e+00
1.393778975970816347e+00
1.689507484134229909e+00
2.091405530683679181e+00
1.651232840505761246e+00
1.707914719868695475e+00
2.309454158493854159e+00
2.111098370187826312e+00
3.051653105054848769e+00
1.330427978423747160e+00
1.550504281250853378e+00
1.857274924588705023e+00
1.633691335322789762e+00
1.627389719001627544e+00
2.424589063573054037e+00
1.489771663783356015e+00
1.264606152326901434e+00
1.693534074366680464e+00
1.292321662359478651e+00
1.628928517708314594e+00
1.607540537094104049e+00
1.532868309608564239e+00
1.867176349007394709e+00
1.629204922898400021e+00
1.355426894044334141e+00
1.640780359025626911e+00
1.654944285213236554e+00
1.443008505360909410e+00
1.413114192555080528e+00
1.380413906486136266e+00
1.323504025368961834e+00
1.326613538108520451e+00
1.404861714868351097e+00
1.469100211808216372e+00
1.398298458781309428e+00
1.246422117227224735e+00
1.491167939301856205e+00
1.251858315691240175e+00
1.524105145060926425e+00
1.228650958092992518e+00
1.259717469316899319e+00
1.450252039770939749e+00
1.228858754155774946e+00
1.276918459105726544e+00
1.243828329615952466e+00
1.228788046583813021e+00
1.353284733822309516e+00
1.338920753206672476e+00
1.359327198166627504e+00
1.393761081395250567e+00
1.234864895932304751e+00
1.271931088496084605e+00
1.313912830358899164e+00
1.259469108026564754e+00
1.524484439733716723e+00
1.293022145947588797e+00
1.243589287803842591e+00
1.315794692765383189e+00
1.871364046462812958e+00
1.259292534554256715e+00
1.432080441919914904e+00
1.321311980870548020e+00
1.231536491743431494e+00
1.771997782443521796e+00
1.226583025404281546e+00
1.703655615050978511e+00
1.951587553560876209e+00
1.458043382196312354e+00
1.286315072358246603e+00
1.462656038336164421e+00
1.227347248758403619e+00
1.289675283885297841e+00
1.650019971209985670e+00
1.390283565945003463e+00
1.294798578916868337e+00
1.333574050192031013e+00
1.224902205598203953e+00
1.225054608222340580e+00
1.668677338198091942e+00
1.698649960277749837e+00
2.462951990008413361e+00
1.454001401672698979e+00
1.635439454020277683e+00
1.317537739891541104e+00
1.688988602827476537e+00
2.330843352708666050e+00
2.066165562691988811e+00
2.007321976559292231e+00
1.873433379782021291e+00
1.316216320390066752e+00
1.674790349243091114e+00
2.024678247827722544e+00
1.622558241432405790e+00
1.815627121227227914e+00
1.824750027478675651e+00
1.595442593625030714e+00
2.166687345063678993e+00
2.470317686970924242e+00
1.393648787466634342e+00
1.537417542111318092e+00
2.208075698675035170e+00
1.478565282285229987e+00
1.730119349958766595e+00
1.861835633045390903e+00
1.667182148423186128e+00
2.262594491995304047e+00
2.326085012617542969e+00
2.319293170496115497e+00
2.228431006448971630e+00
2.510614431206910968e+00
1.439426538021491897e+00
1.813458866425471605e+00
2.640749953997701738e+00
2.125139509746625688e+00
1.845710439575742878e+00
2.585839232654810971e+00
2.503890456599076941e+00
3.311202191213261425e+00
2.205573801754882712e+00
1.745612544270468192e+00
2.435001227098112064e+00
3.184115157413224040e+00
2.245326618297680543e+00
3.130176776623911916e+00
1.427429498216923776e+00
2.469638424236002994e+00
2.536669855765404158e+00
1.918453751241237182e+00
1.756322246413592580e+00
3.589876957068072194e+00
4.494936641569050373e+00
3.998883602539916371e+00
4.707235340211589403e+00
2.555041945395253755e+00
2.328289884806352017e+00
2.169317929199614081e+00
2.706496750000653151e+00
1.573731203241842902e+00
2.012511623512153403e+00
4.455984537194417783e+00
1.980629260699474425e+00
4.803067781541994208e+00
2.389039880930610149e+00
1.672546632946527279e+00
2.399364664974529493e+00
4.609646517008830990e+00
2.397996428808959468e+00
3.760033850728042193e+00
2.766502359284217505e+00
2.136141622589132538e+00
6.586838464856951347e+00
5.252199207897417566e+00
6.097312165129061157e+00
5.337899274059884291e+00
5.263872347327421153e+00
6.301789939319103695e+00
4.327864474743380541e+00
6.193645312295489092e+00
1.885993890041659959e+00
1.694870455466195747e+00
6.161077844399539316e+00
1.932374924056944554e+00
6.344761215771804075e+00
5.305226737741623566e+00
3.009582551210393309e+00
5.614515291398111785e+00
6.830451998239573719e+00
2.897848733973431123e+00
3.433185500269248625e+00
4.355904038347444995e+00
4.397493784534996841e+00
3.175373530107514330e+00
2.699117322898054727e+00
5.739795593874937651e+00
4.126077737364411746e+00
6.823668400739599349e+00
4.429555085810411796e+00
4.993829655023477088e+00
2.963813685585483970e+00
4.529422296310352536e+00
5.334955036786522165e+00
3.949510960267029969e+00
6.092637447687705432e+00
3.482023406998871806e+00
5.363168853366120814e+00
4.350031054347940795e+00
5.747484493471263889e+00
4.464207348472219117e+00
5.773162138574953417e+00
5.640265493886909454e+00
5.145782600177729371e+00
4.195051831523286090e+00
6.036587396841062159e+00
3.133543437240005503e+00
4.805018491819145865e+00
5.274041403994266020e+00
2.837374122760905948e+00
4.625072393889889000e+00
2.847715800623027427e+00
3.892194126286310230e+00
4.286438298566057625e+00
6.281098261216144785e+00
3.534274064513710290e+00
3.710326902449064157e+00
4.638034896932365925e+00
4.183484979089444167e+00
5.665301475534439746e+00
5.426971470344478909e+00
3.747025339438923464e+00
4.317159388635614548e+00
3.657262507318708167e+00
4.377364975045219708e+00
3.771462591706243206e+00
6.744652123813361655e+00
5.849064204704077952e+00
4.398281219319468249e+00
3.752883107424938025e+00
3.955410059305151549e+00
4.161000602597475506e+00
3.634457415077581910e+00
4.155806437711719425e+00
4.874014093011098225e+00
5.237607513326065778e+00
4.664200417909634133e+00
4.112035523583731589e+00
3.563173749067311658e+00
3.900294184605605619e+00
4.530958946418436106e+00
5.581880537987654378e+00
4.013169060061102300e+00
5.719376973930238250e+00
3.816105660334358163e+00
5.441537863361821437e+00
4.597839475769803563e+00
4.443737091333620270e+00
4.393907553715895808e+00
2.650074024541002604e+00
4.316487169742504904e+00
5.965327621985855089e+00
3.536228322585488026e+00
4.369994166037717065e+00
4.123964569662389223e+00
4.122490441845666709e+00
3.724646896014389696e+00
5.820789376204154486e+00
3.924877412149752054e+00
4.171345890251064503e+00
3.425237278878296543e+00
4.199630317025935256e+00
3.881966205939658021e+00
4.060814456106630388e+00
5.167118243745745687e+00
2.954350697706632278e+00
3.784582568624395460e+00
4.446168384575255317e+00
5.415531020360148773e+00
4.302261262062616609e+00
4.785708986036273593e+00
3.750404158265483012e+00
4.321977249312640268e+00
3.581857652465294084e+00
3.759437631974279270e+00
3.808373887354651099e+00
3.482116831554570524e+00
4.626784316738136837e+00
3.895505172130590665e+00
4.275133661131913954e+00
2.808108692142635476e+00
3.287011315761301233e+00
3.315930606938792380e+00
5.398494018081224866e+00
4.041953123213549048e+00
4.591718658881815962e+00
3.763765088847382589e+00
4.023559863749326837e+00
2.349672296875430444e+00
3.439734042590005814e+00
3.188418529624715614e+00
2.242645376217636155e+00
2.537514928469116970e+00
2.464091310438370375e+00
4.026859001267043325e+00
2.871812594676165009e+00
2.959725073896780412e+00
3.917721935521500942e+00
2.399981441999492926e+00
1.988691096229435740e+00
3.198529155676961278e+00
3.544012568679675290e+00
2.887299364114682909e+00
2.458679765806526696e+00
3.784636642354697322e+00
3.236204563400558509e+00
2.863052431390265884e+00
3.083198146366227466e+00
3.852422814140242568e+00
2.440152514871102962e+00
2.366787640398761106e+00
2.393948069959124236e+00
1.877875077722132691e+00
3.193255333417236219e+00
2.730688447643503824e+00
2.689894544554637612e+00
2.494281064769329426e+00
3.271671465794830258e+00
3.647217971716743001e+00
2.894366618459779605e+00
1.687466892188972611e+00
2.543771613812619847e+00
1.875438987575333893e+00
1.880435135777241307e+00
2.756288771958637973e+00
2.504934096616257655e+00
2.216983363372107885e+00
2.259394196120994458e+00
2.816076405383337811e+00
2.043967171862622667e+00
2.033729824062952662e+00
2.443249434958336685e+00
2.988386249016698137e+00
1.906559252693917017e+00
1.601869240626546453e+00
1.600095950747769891e+00
1.765698137344745344e+00
2.384625996846488238e+00
1.599755136122111843e+00
1.938709349248891822e+00
