-9.474413134157659844e-01 -8.501904760753649981e+00
3.188636286184189927e+00 2.416195039585420090e-01
-6.820605508983139664e-01 -3.632532319359360162e+00
-3.080699475482110206e+00 -2.620467910976090220e+00
2.148327561095360050e+00 6.484328583264979962e+00
-2.636184973642230034e+00 -4.754917268018349574e+00
-2.545490117743610003e+00 -4.675041991767850291e+00
-2.751024859026069969e+00 -5.003931954620910449e-01
-2.015638183802369865e-01 -2.307262743317390008e+00
-2.062829751521349841e+00 -3.040761328682589859e+00
-3.049940200522539779e+00 -2.149125307031010124e+00
-4.198344089090820241e-01 -1.097603510505470004e+00
-1.619114663451910019e+00 -3.664953653594969829e+00
-2.092284567654130178e+00 -7.530534743351919857e+00
3.050952224060889950e+00 -2.399870992282759907e+00
-3.448180066421630219e+00 5.333004206658380486e-01
-2.461198687553410203e+00 -7.302645201317839785e+00
1.495059834793210030e+00 8.147237907103059840e+00
-3.140767965465780076e+00 2.230673090148119986e+00
2.916578654199839971e+00 2.936241113247960222e+00
-1.405810203403230041e+00 -4.758720613401579591e+00
1.305447906255720047e+00 1.006903352043459954e+01
-3.685802504420280012e+00 3.321680186628180209e+00
-1.169163476675749935e+00 -6.109307209237280212e+00
1.629656461998820083e+00 6.362954270400510204e+00
2.603560721501709807e+00 4.915330981216519568e+00
1.047405863180759900e+00 5.221287945255130403e+00
-1.064724665135150072e+00 -3.142176875678969861e+00
3.077858198434110015e+00 -3.590395990120370251e-01
-3.210921607911589870e+00 -9.601196133760789841e-01
-1.674484031274910079e+00 -6.011471288608220220e+00
-1.301763657480480063e+00 -7.653022735038380375e+00
-4.579581320285799895e-02 -1.162371530214719950e+00
3.678408086299899793e+00 -2.442535792350029933e+00
1.582394147291779962e+00 7.594041014610319884e+00
-2.500056695193050071e+00 -4.894944050206269992e+00
-3.755016628652810162e+00 5.826924077732019924e+00
-3.807944562286139867e+00 5.240095294531199599e+00
-3.301509272307160181e+00 7.386737406817039941e-01
-2.771938711404799971e+00 -1.567264689759340079e+00
-3.298912722617389992e+00 2.852948482824909870e+00
-9.279991816729310505e-01 -3.910051025002479808e+00
3.966736087575549963e+00 -1.710581467368929909e+00
-2.307567417621609884e+00 -5.233316803600629896e+00
-2.992857445031400054e+00 -1.201008158429750061e+00
2.562972864136099815e+00 3.254777953555640035e+00
-9.628590214997529984e-01 -5.521731402660500443e+00
3.987833186984059974e+00 -5.251321125560679981e+00
-2.021609973162409868e-01 -1.624027130809019948e+00
1.715657684952019979e+00 6.836528010887530371e+00
-1.741055274382230067e+00 -1.075453510639180088e+01
2.954966826364399779e+00 1.235950073552160022e+00
4.535108301788570162e-01 5.718086182828599817e+00
3.826835954561830011e+00 -6.536488162432699589e+00
3.845004845410589844e+00 -6.616074204422510263e+00
-1.468257751315829918e+00 -6.584955117230370192e+00
1.175149584189060015e+00 5.798867584669560316e+00
3.974016457796100132e-01 1.086639939815130074e+00
-1.462769581004979891e+00 -1.148890072514640082e+01
3.565000481903550233e-01 3.383013194053739792e+00
-2.832713665440679929e+00 -3.688864587922830118e+00
-2.278501002117990115e+00 -7.549818825821470014e+00
-8.025579117238520466e-01 -3.336829622530709916e+00
-2.462888613343240163e+00 1.197810876668720104e+00
1.662996767088769978e+00 6.711745674376530246e+00
-3.859407644718889863e+00 9.522112018351480245e+00
3.744979631155729849e-01 4.676371574011979781e+00
3.754985323175790146e+00 -6.503336340448520048e-01
3.653250088915230176e+00 4.986963542978499753e-01
2.912240445613860196e+00 -9.893097087581930182e-01
-3.093651169911030063e+00 3.492064505284020015e+00
-2.034642750397320121e+00 -2.762219013547480007e+00
1.096876429393889962e+00 7.889214980317969861e+00
1.166589757427570095e+00 9.536082735360320584e+00
2.188241109251979899e-01 5.057849642008020119e+00
-2.248929457738999993e+00 -4.435679130671590364e+00
2.116876728832719934e+00 7.442372919559850253e+00
-1.771663516759869994e+00 -5.688162298518090410e+00
1.152617663145069971e+00 9.440766864500279354e+00
-2.904463458806279874e+00 -1.568892031495340067e+00
1.221188878640530051e+00 7.798371716718810021e+00
2.486900432035330066e+00 5.664056640717980429e+00
-2.875794459134339842e+00 2.022008374745650094e+00
5.132708810269830391e-01 5.251640879606259915e+00
8.297385908663269527e-01 4.557833937868630336e+00
-3.361024266108870062e+00 -6.620151769358789684e-01
2.507244819775220179e+00 4.391811719761410160e+00
-5.562714692205189548e-01 -4.126192065754850091e+00
2.534363538026810136e+00 6.934961257429980153e-01
-2.066024262458089900e-01 7.574443475021940264e-01
2.423233525827530155e+00 5.312286623152010279e+00
-3.806710248813029995e+00 3.635854010966600214e+00
-3.787618048489089784e+00 3.987390160718240040e+00
1.101181257516149925e+00 6.673934702299780142e+00
1.656732987612490049e-01 8.792030496905050008e-01
2.483205050230030131e-01 2.828649349745909758e-01
-1.867184370756149958e+00 -2.979069486464100081e+00
2.083269106224180156e+00 8.052784904682550149e+00
4.084894116967919819e-01 2.131959187640359854e+00
3.837598768994209930e+00 -4.845183317565109782e+00
-9.961947649717329822e-01 -6.614351914799019738e+00
-2.415708694607019980e-01 -3.640015497563419800e+00
3.810586107894780028e+00 -5.825545337586479633e+00
-2.369022564962509847e+00 -7.903988810712939683e-01
3.929244033992290053e+00 -6.361729075447709825e+00
-4.511289708316330027e-01 -3.878716532905429837e+00
-1.076298801228400048e+00 -4.127076848773899798e+00
9.893191941082479790e-01 8.266935558251930161e+00
2.715860972180959898e+00 3.086925619706780033e+00
-1.200833279639480056e+00 -4.279981467180670407e+00
-2.111248912289739987e+00 -3.993749757995680216e+00
3.552301432937380099e+00 -7.365126098885419914e+00
3.580504879355430048e-01 4.683225044758160038e+00
2.959201723337169909e+00 9.157965497144029965e-02
-2.500927932560439992e-01 4.144682184214709686e-02
-1.277702026069160057e+00 -7.109950477774500399e+00
-3.314224798232319746e-01 -2.939085464033210027e+00
2.006148748099799928e+00 5.158162746672119603e+00
-2.027652854099870172e+00 -8.222360169000939578e+00
-1.025825459510090049e-01 2.627591130571139910e+00
3.086847193539139944e+00 3.565725703560659987e+00
-1.091549690812829931e+00 -8.541911540134140779e+00
-2.358636368066069799e+00 -7.323944842589919624e+00
-9.378756508231159694e-01 -6.926609052604820072e+00
-3.514609187841419846e+00 3.265725933359609812e+00
2.031973578035830119e+00 6.815144358616819886e+00
-7.796246726065869659e-01 -9.365076304066160873e+00
3.940646370872860071e+00 -9.288038713274620051e+00
-2.456835892051460135e+00 -4.940423407572289705e+00
-3.634406909346580061e+00 3.765834752697140075e+00
-1.050545385107400032e+00 -7.671992364292430366e+00
-3.182490665465589785e+00 1.633461703769230056e+00
-9.745716173201800503e-01 -7.079778995274270237e+00
2.429016200825569793e+00 7.218658962917669619e+00
2.056914962828160220e+00 4.552122198746269888e+00
-2.029214350506660214e+00 -3.852713812828000073e+00
2.052897935733200008e+00 6.330994754943700009e+00
1.619906611740590030e+00 7.307723589009420095e+00
1.988260487094519968e+00 7.385005026317130294e+00
2.260059006512170066e-01 5.175342628418579949e+00
3.717569515109059974e+00 -6.952104598251160006e+00
1.763021970167760077e+00 8.128037314520730305e+00
-1.966602448374030088e+00 -7.054866321704870158e-01
1.160741066560150081e+00 5.976015464502530072e+00
-1.305190522223709904e+00 -2.700074085402770052e+00
3.863100314512850186e+00 -8.714955687306179755e+00
1.561590190976859915e+00 9.984187777956410770e+00
-1.018796358257529899e+00 -8.096535998548310076e+00
-3.112329214811329958e+00 -3.339170123945440216e-01
3.879557343199850017e+00 -5.518672404499899820e+00
-1.587699005380269979e+00 -9.518787793722269797e+00
9.755432009696960449e-01 5.457997949040460206e+00
-1.556313313543800092e+00 -6.282592766101750215e+00
2.129950260743500134e+00 4.152259797907060346e+00
-3.065467838197950101e+00 -2.180864410599930192e+00
-2.501904979348180014e+00 -3.273235463348770136e+00
-1.262033278122540070e+00 -8.872088946444060653e+00
1.762561723589899931e-01 1.352168727759450073e+00
-3.181374553591009846e+00 1.021301827970930026e-01
3.333561278879639822e+00 5.182030352310349475e-01
-1.345206443220380077e+00 -5.739045954133359828e+00
-1.667126366868620035e+00 -6.887583201547659684e+00
-1.589052136987449959e-01 -3.561164288232829822e+00
2.512199034914369911e+00 4.566109842131869989e+00
9.684395585209130131e-01 2.429940385258909874e+00
-1.524770392104979999e+00 -1.044433813400640076e+01
1.860045749694110073e+00 9.331230510689810131e+00
-3.645439416170119795e+00 2.398547774754729911e+00
1.966870075091720071e+00 6.478832885865269731e+00
-2.193587489426140014e+00 -5.657182576879740132e+00
3.777590928599240172e+00 -1.909853200940550000e+00
2.674444934353230163e+00 3.965232259030340156e+00
-3.246980549767609858e+00 4.932716786046359658e+00
1.471854520961640045e+00 8.671969335957859570e+00
-2.762034710496660050e+00 -2.230237329142730207e+00
1.346367480233310099e+00 2.665864940313289910e+00
2.033704891800879998e-03 2.424280911666730098e+00
-4.508650377392769970e-01 -4.349582417283770042e+00
-2.730040116235609826e+00 -5.329277114086909961e-01
-1.456839393824340023e+00 -6.506394906461649974e+00
-3.630263127386569977e+00 2.913942843481109879e+00
-1.816511614248160100e+00 -9.037151081688209686e+00
-1.590198550373320030e+00 -6.220895703507579810e+00
9.596362039446829639e-01 4.174564820937249898e+00
-3.004445517435669899e+00 -3.851367085221720110e+00
-3.301654055714609903e+00 2.338649306265450090e+00
5.249284300953149796e-01 1.921229999168259983e+00
1.453130163252349893e+00 6.512959256107859751e+00
-2.716562703251840016e+00 -3.354803738316419981e+00
-3.036614542827010155e+00 -2.109090487783920054e+00
-2.050228172913190150e+00 -6.895908638724660200e+00
-5.968640204519030101e-01 -4.571962731705689897e+00
1.501238351687790074e+00 7.075282917169530172e+00
2.592098183929920197e+00 5.798739833343380390e+00
2.194630065932869911e+00 5.778621510819499818e+00
-7.447574771940710381e-01 -6.834621118266950290e+00
2.515772797167299846e+00 5.474562415170230345e+00
-4.204265121370550085e-01 -1.137675537153419958e+00
-1.709868982434270102e+00 -5.746936097577139968e+00
2.916100054979319900e+00 -1.024158487108959958e+00
5.943565182387829937e-01 4.533378649829810314e+00
8.064740169793369606e-01 5.885729724243150329e+00
2.434662269428370163e+00 5.186407766881999670e+00
-1.550632715225220074e-02 8.690498591755450031e-01
-6.327067911624909557e-01 -6.245441177188300053e+00
-1.350878534838559908e+00 -5.301271026829840416e+00
-5.373535118997100346e-01 -3.692366283819890072e+00
-2.931776056066159875e+00 1.042391123756539972e+00
2.235116045922040051e+00 1.058204878769869950e+01
-7.166131306439640358e-01 -1.930832548755869960e+00
-2.222179017961030123e+00 -3.438843639017659992e+00
-2.212222339585419917e+00 -4.836900667971099743e+00
-2.605112513527270135e+00 -1.528178028927680066e+00
-3.581780826672909868e+00 2.529158221056940103e+00
3.068231882527470145e+00 -7.901265989333550177e-01
-1.597944734618069962e+00 -6.241020666663829708e+00
-3.685383118689060211e+00 6.273132622327749708e+00
1.590886224061250021e+00 8.980473676484740153e+00
-2.506636586040260073e-01 1.305704900746659902e+00
2.958980331197380131e+00 1.936109305646960044e+00
-9.945025928318500519e-01 -3.086318428708100026e+00
-1.665427077561620006e+00 -7.391351011349009958e+00
3.152303049340840158e+00 3.492497693336950038e-01
5.949153639376160152e-01 4.273807981397499844e+00
1.136614201590419926e+00 4.564734654602840003e+00
1.173299143090839936e+00 1.117535398944690073e+01
3.967463511973619905e+00 -4.459255356914439972e+00
1.087282825261350006e+00 6.928525022104969899e+00
-3.114526377990840089e+00 2.312884224635220143e+00
1.509430039674040103e+00 8.658745392346009595e+00
-8.135444559156890243e-01 -7.134705491903459595e+00
3.776318231597540098e+00 -6.886641167564450328e+00
4.968717247247699809e-01 -1.152405466386859922e+00
1.950049517676230026e+00 5.971282388423309939e+00
-3.722754200920459944e+00 3.418926930752080207e+00
3.911706872284410164e+00 -6.923782561660540402e+00
2.160144820809359878e-01 -4.366280240200469918e-03
-1.273462504148479946e+00 -5.737885053951860215e+00
2.232682868838309798e+00 6.145225203818729831e+00
5.333393067121510178e-01 3.733429796790729949e+00
-2.206225277855990097e+00 -3.543629258740140120e+00
-3.806411832571030107e+00 1.943419555179860092e+00
3.205834029242399907e+00 -1.075485490061679927e+00
-2.048039687797429842e+00 -6.392779133254990143e+00
-1.799962513148779975e+00 -6.858469882785610316e+00
-3.701018583029509923e+00 7.614489024249450289e+00
1.059321736916899903e+00 8.540956277415219233e+00
1.928944919258360091e+00 6.596766415650169968e+00
-2.934947390109300169e+00 -6.187743942214540382e+00
3.832998726516959831e+00 -3.773215487010129987e+00
3.043163495138290209e+00 4.298022623680149978e-01
-2.537291504442690027e+00 -3.000580455078809994e+00
1.068979596719149994e+00 1.004528688136529979e+01
1.890506930649280104e+00 5.261728344855090000e+00
2.624724511057140219e+00 5.713604083955860169e+00
3.250540994107720127e+00 1.010702411792520072e+00
-1.447238292545079963e+00 -7.963937839133070185e+00
-8.162878938019280106e-01 2.595277168300880177e+00
2.607342803850769997e+00 2.257955083571189903e+00
3.430240035057070092e+00 -5.654367088306959666e-01
-4.509434346109629788e-01 -1.296541198632719993e+00
3.774612193927170178e+00 -4.009072411488699750e+00
-3.203884065151210159e+00 -9.900371367542120105e-01
7.175035700201990441e-01 4.725699508202160004e+00
6.662291828542949990e-01 5.588986168091880202e+00
-3.640448020771149817e+00 7.046732826463220078e+00
2.638250032439830139e+00 1.175168420432030070e+00
-2.889319118112330109e-01 -5.433024740141410014e+00
3.527328459545969963e+00 -1.921617398990919989e+00
2.962478563189510083e+00 -1.099502220272120079e+00
2.126344658434390134e+00 5.377261685227069599e+00
1.153981547802690022e+00 6.461715255923319745e+00
-2.091356869786979988e-01 -1.196076067589729952e+00
-5.267465319484470054e-01 -2.300913865430669780e+00
-3.608153227716679901e+00 4.178177281633209894e+00
-1.084428850561379942e+00 -8.053808019774200133e+00
1.966339461505409947e+00 5.849905944009630154e+00
-3.135626116767530114e+00 3.135840937862880207e+00
3.671296192333100006e+00 -3.222809474904320126e+00
-1.423888364806769946e+00 -6.707814814489069910e+00
-2.867379372939470095e+00 -3.486590120708970009e-01
8.760797865688799702e-01 6.433005629489209731e+00
1.591827925294639900e+00 7.158521129368489611e+00
1.746691199019549945e+00 3.697488338024559784e+00
3.504403157159690085e+00 -4.548072976427159908e+00
-3.930015265941619873e+00 5.625206943643480173e+00
2.297695036977530081e-01 6.140722679431579678e+00
-2.295634763315320015e+00 -6.187259975224519870e+00
1.824019035324450089e+00 8.671004855203179318e+00
1.317539691925049938e+00 3.277220685796629951e+00
-3.432660115882749885e+00 4.415041500883329917e+00
-2.209680601954459866e-01 2.159539842581739977e-01
-5.996373668313029898e-02 -3.836309115035970163e-01
-2.747828032821419963e+00 -5.646942149747210316e+00
-2.726541403681039810e-01 -2.647179534396200129e+00
-2.770570911467079789e+00 -3.537773249846510204e+00
-2.773916743695739928e+00 -6.795787027832339788e+00
2.809245571494099813e+00 -1.717603874250329898e+00
1.107084136456250034e-01 5.572305819763769819e+00
-2.039886143058540213e+00 -8.759550712880699308e+00
2.247858138754959878e+00 3.110503971736950035e+00
-4.940108340233559936e-01 -3.907017073739670110e+00
1.625766173005100068e+00 7.925500229361739812e+00
7.918932754546400554e-01 6.647581272877760128e+00
-3.346207099035380050e+00 1.846990829732849893e+00
-1.205278243869540022e-01 -2.963593898938809978e-01
2.226465582847600100e+00 7.363984457392580119e+00
2.003266612067819974e+00 3.247135555358750203e+00
1.381221916526560012e+00 3.739965758695269926e+00
-2.879984267055989977e-01 -1.562693656834339917e+00
-5.022459011524920136e-01 -3.730354280727589789e+00
1.516050497069949987e+00 9.110425795394100135e+00
-3.552937880158420214e-02 1.252733277109659982e+00
9.107409957796339661e-01 7.415329043145259647e+00
-2.011871417984369970e+00 -4.464494703998069802e+00
2.489099794998760107e+00 2.603714827477149996e+00
-3.399963863193990188e-02 -2.470748467581359797e+00
1.114701710641379906e+00 7.529646384939169934e+00
7.652962058782579735e-01 8.455770784222279346e+00
-3.687714928761120170e+00 4.124007164898319644e+00
1.877281794324519915e+00 4.992309884476680004e+00
3.374150253832339796e+00 2.489861551153210062e+00
2.893584370613099921e+00 -7.273472368627179607e-01
4.484685417264699936e-01 9.638757933253150334e-01
3.268911594524980035e+00 -1.122503297309209946e+00
-3.648224109783769986e+00 5.290676218771129591e+00
8.324576336890460171e-01 4.998441314524019852e+00
1.548998117446900080e+00 6.815360350260280420e+00
-3.021707041189070075e+00 -3.071183471163359879e+00
-1.847405757755040012e+00 -6.114656943500079933e+00
-3.519137600436809787e+00 4.461338947968640056e+00
3.703424479812380099e+00 -2.917149055974559868e+00
2.957515219226479974e+00 -6.825351401627299808e-01
-2.535843646153809861e+00 -5.218595142115369789e+00
2.545782066881660199e+00 3.106073924585559975e+00
1.415557973086829957e+00 6.125244361366389612e+00
-2.429245922714470041e+00 -3.274157447928450093e+00
-3.128429148346190125e-01 -3.977726693179589823e+00
5.820859223604200189e-02 -2.058198023119659936e+00
-2.988785468041899929e+00 -1.514872331795650007e-01
-2.932482387870550156e+00 -7.976205691241460283e-01
-1.343556867912409913e+00 -5.669827339176399583e+00
2.443708218634129958e-01 5.335708287106210035e-01
-7.922352068126200519e-01 -6.381439834485280294e+00
-3.276220621541139799e+00 -4.273263159505209963e+00
-3.723520698025819975e+00 3.364228575340280081e+00
5.401156432926650375e-01 4.748075320506179864e+00
-3.477278165519240294e-02 -7.178340702667440176e+00
3.032354669645429990e+00 2.630403257488500124e+00
-3.087069008499379930e+00 1.968623741561019935e+00
5.389451384544370338e-01 -5.832376802540779892e-02
-7.581759244203569725e-01 -5.029258884658069917e+00
6.141974031925200306e-01 7.907836085685220340e+00
7.072378545999530308e-01 3.917430282155789811e+00
3.128025116398930106e+00 8.511893902702449832e-01
1.171580629423260023e+00 1.216082731928329963e+01
2.774147335439919870e-01 3.461516370848340074e+00
-7.091679517179729775e-01 -4.240823997224460129e+00
-2.901613295078279808e+00 -4.016191947344830204e+00
3.877461727708579886e+00 -4.318635961904430332e+00
2.604747645556929836e+00 2.884853788380489892e+00
3.812452446669340134e+00 -8.555105916898160245e+00
2.965394578874109843e+00 1.321258564312389971e+00
2.276725504547359780e+00 2.323543857253330014e+00
-2.466685883700850054e-02 -3.363811748831370130e-01
-9.978924412280320011e-01 -8.256812038167950618e+00
-3.172752458602190018e+00 -2.694948099164180100e+00
2.909687306731940204e+00 5.307671536551639591e+00
3.882009280845520216e+00 -7.392520989613280413e+00
-1.385248523205520055e+00 -4.001560498724059833e+00
-2.931665413081649962e+00 1.344831423913039892e+00
2.572001326829199908e+00 5.078601478993389762e+00
-9.313114993274209663e-01 -4.998325151305389902e+00
5.985723119229080513e-01 4.343249940280250243e+00
-3.044085152447220111e+00 -9.259443986060780230e-01
-1.574003327637909955e+00 -7.587689336338580226e+00
3.283403549343350214e+00 -2.439667707160880106e+00
-3.162277428433299953e+00 2.320116743046110042e+00
2.472217766568059805e+00 5.105211201512649843e+00
-2.129038024693730158e+00 -5.736805288716349871e+00
3.943877467885609889e+00 -5.891172232786700214e+00
2.168297059834000118e-01 -6.424679761534579647e-01
2.379597231745719910e+00 4.808184630609179777e+00
-1.525856856256720073e+00 -4.289148936496330222e+00
1.309921916574239953e+00 1.100750208620569914e+01
1.784291809424759956e+00 6.464040146194689918e+00
2.945461899042129961e+00 -2.785552500977420132e-01
6.104387622326610252e-01 1.262666845932759907e+00
-1.892245907336469912e+00 -8.136230130190970300e+00
-9.301698338240389496e-01 -4.563352897757339655e+00
-2.216096073389049792e+00 -6.066231184739890203e+00
-8.321527559310200051e-01 -5.983025897240310087e+00
-3.683636423200370213e+00 2.598160440994449871e+00
1.156320016831160036e+00 5.415510487679389584e+00
3.780798111110930115e-01 2.666860271409469796e+00
2.963248167186979920e+00 -5.714027346815380159e-01
1.478805365040900099e+00 5.025592677086019755e+00
-1.775548700243229916e-01 -1.380328201238750108e+00
-3.181855892762539995e+00 -8.433684283468310117e-01
-3.486944850534199780e+00 4.109208901186680030e-01
-1.910215746611360066e-01 -2.422450834745129900e+00
-2.215258330106739948e-01 -5.030964696091370092e-01
-2.445278473198409852e+00 -7.318495088631300050e+00
3.881991766393180221e+00 -7.079691535660090018e+00
-2.519237995147710074e-01 -2.002373190154500104e+00
-3.815797235816719812e+00 8.238846253400069486e-01
-2.457638893276449910e+00 -4.645657179931900416e+00
-3.999518411234019855e+00 2.564799382640010172e+00
-3.228967500850560057e+00 1.719914403452859952e+00
3.929373744875189978e+00 -3.257793538176199988e+00
-3.637998016551140079e+00 2.073757288899360063e+00
3.066635826602579940e+00 2.983566210731880108e+00
2.323149086907509986e+00 5.040355271323149644e+00
2.593307627364989987e+00 5.024028930579699903e+00
-1.211297480389480041e+00 -7.763951161469630158e+00
6.771715488284829609e-01 5.516435357821910301e+00
-2.697668759152290097e+00 -2.192042170516939947e+00
2.938201408833269745e-01 2.864721991329450268e-01
-8.231759238988159977e-01 -2.757883361933899824e+00
3.726902429014439910e+00 -6.402119966898670356e+00
-3.708301309496159881e+00 3.227582570136210194e+00
3.456111388280989960e+00 -1.172298576191350000e-01
3.947951102629299935e+00 -2.661137898235310217e+00
-3.541605932638050014e+00 3.652358033179599950e+00
1.281288871541619967e+00 1.038409525072690087e+01
-2.226970175281170139e+00 -4.372375843362259928e+00
2.296190073713659796e+00 6.778495392077689807e+00
-1.291977155953649925e+00 -9.263175936381230713e+00
-3.442443925887350153e-01 -4.136789732384720253e+00
1.656415686011309951e+00 5.711259488462549605e+00
-2.762704759836200008e+00 -7.440013962143550152e+00
2.891636030748490072e+00 1.120826435989890069e+00
-3.187999479472639841e+00 1.108034623731859902e+00
-3.029904160648579925e-01 1.689723018536619936e-01
-2.584170205518600216e+00 -1.218323656144020051e+00
3.862448893487450130e-01 3.622132846059450184e+00
-7.556074112653730079e-01 -1.695856445428600034e+00
-6.060322802513840035e-01 -5.003066133792359871e-01
-3.011464649811390171e+00 -1.393661702918020051e+00
-1.255979899317029913e+00 -8.744909193233750599e+00
-2.710176326334480024e+00 -2.029000344463089966e+00
2.290788311511279929e+00 7.670060102967710236e+00
9.836381729692219578e-01 6.327240180223739685e+00
-4.687260892242189891e-01 -4.631282753286989795e+00
6.594956833869219937e-01 4.968151253333820350e+00
1.642414376139639920e+00 6.258033943241819941e+00
-1.276641964912410110e+00 -7.614874781319070252e+00
-3.015212528407569814e-01 -6.373773100440820460e-01
-3.975174492225050038e+00 5.237670322522499866e+00
-2.239432701840999851e+00 -3.573545187207169960e+00
-3.707541849464179862e+00 5.269414221743939919e+00
-1.791781667619940066e+00 -6.943261486464869847e+00
-1.432301560416820108e+00 -9.299218243578630805e+00
-1.874652931466699979e+00 -9.388545608980249924e+00
1.201236523687839952e+00 9.900213411284829235e+00
-3.602621709927920080e+00 1.288735114306039931e+00
-2.418675718829040200e+00 -1.732177443326170074e+00
-3.292821988463400018e+00 4.325876523398890401e-03
-9.745061583817009598e-01 -3.078269232196059857e+00
-1.359444146975870016e+00 -5.389987793955209661e+00
2.162131203338499841e+00 5.605723258099449602e+00
5.781033542007210091e-01 4.808129625083349623e+00
3.831709187477830181e+00 -6.307362125918830387e+00
-3.637137219309809932e+00 3.739238463199900053e+00
9.619516674429180458e-01 8.052563312657200711e+00
-3.283213580027219969e+00 -3.748587531552050045e-01
3.474051507189869881e+00 -3.649730283661980046e+00
6.404087133705620161e-02 1.204823640305360044e+00
-1.383753597736359975e+00 -6.184424365528029988e+00
3.324763104319569673e-02 1.539712126526089908e-01
-7.152766622602939606e-01 -1.164949165965019962e+00
-3.725887995213270187e+00 1.648197051202620056e+00
-1.869254056364300087e+00 -1.009246892712210020e+01
-4.077484570443630219e-01 -4.219136110732019773e+00
1.487498570233579898e+00 8.555873169649339971e+00
2.023472841829060176e+00 4.295560376735769736e+00
-3.453978173434729904e+00 2.612125811171460033e+00
1.161500835791229980e+00 7.618690357827789583e+00
1.762032803148029902e+00 1.109429482798599942e+01
-2.303081650286909809e+00 2.569160784106699902e-01
-3.105709407478570050e+00 5.837464917276079523e-01
2.788315808400509965e+00 3.309952819036039884e+00
3.228191683068870166e+00 9.939790345511949621e-01
3.717617686837909829e+00 -3.596249769199039825e+00
-3.671149512752890143e+00 4.416469801224160108e+00
3.155968392267820111e+00 -6.071427815182940391e-01
1.683390339836480010e+00 7.896948993371060155e+00
2.781398722901939902e+00 2.391668064517689984e+00
3.452919144183399958e+00 -3.327834597871259792e+00
3.627021750435230008e+00 -5.582696507336620151e+00
1.164471818134189984e+00 3.880696405700839957e+00
-9.796809293329720170e-01 -4.683111839946840327e+00
-3.066647190600630069e+00 -1.295686188565680075e+00
4.191850926727059834e-01 3.439365662496869813e+00
-2.837428860366340011e+00 -2.937527225658890018e+00
1.202826354652640095e+00 3.661928167425359870e+00
1.232021253556009999e+00 2.774578346670570017e+00
-1.507334534078839994e+00 -5.093931716438570234e+00
-2.188743751496080137e+00 -6.479289130056629986e+00
-2.412235740572210130e+00 -1.590827648779959969e+00
7.717552315443749755e-01 5.589447210763849760e+00
-1.108883898705240040e-01 -8.013059740987169555e-01
-8.777409289032219730e-01 -3.733893276586690124e+00
-1.379674449563030036e-01 -4.461060669427669989e-01
3.074759617447849758e-01 3.083154757998220141e+00
2.710415013134479967e+00 2.711797801988069967e+00
2.458930421620610041e+00 3.755423397919369854e+00
1.961997464299199967e+00 5.827566201465399942e+00
2.102139359340069902e+00 6.550629058354700440e+00
1.438366720452900038e+00 9.766949270981880815e+00
-2.747116481885309991e+00 -2.738392875568679941e+00
-3.021526020020249836e-01 -4.251284501604430055e+00
3.903639858588579870e+00 -4.445019146793949716e+00
2.667549408972259783e+00 2.979702803075920059e+00
7.125861756503580613e-02 5.990040654034870515e-01
1.527694836258890021e+00 7.653770337690460224e+00
3.566389365121720001e+00 -2.821421108380690157e+00
2.220671182498339835e+00 6.994504474437490238e+00
-2.761771695688369999e+00 -7.956500041016310032e-01
3.320796541869639906e+00 -1.236106371047950070e+00
-1.051985442638400103e+00 -3.128649400409530212e+00
2.776130596175789833e+00 4.834709211855749977e+00
3.701983222737910140e+00 -4.052786935259040213e+00
-2.962655475363139779e+00 -1.046915938589519923e+00
1.888478565961120070e+00 3.199127648200760010e+00
-3.917173128575089924e-01 -2.570887157091990005e+00
-1.877338266000150080e+00 -3.780405288833109889e+00
-3.740435579791669962e+00 3.247976880241119968e+00
-6.138642001897099965e-01 -5.399031994461590322e+00
-2.958027254790069893e+00 -4.780545905782260241e-01
-2.355854222550989974e+00 -8.649227986430480186e+00
1.485433429479600040e-02 -2.092796908897209818e+00
1.606567185372109963e+00 8.662456949658400518e+00
-2.590080350637440076e-02 2.463404979902399816e+00
8.813666924834250016e-02 -1.591731458174779901e-01
-3.718848630785939857e+00 3.395782275590800037e+00
-2.005404373630879977e+00 -7.305613132952100131e+00
3.306988753378389934e+00 -2.027767485652419932e+00
-2.940816178917879942e+00 -8.677540699250869682e-01
-5.188146699219939872e-01 -5.337881202208530240e+00
-3.246417777612809807e+00 -3.747321348870110036e+00
8.532933779060839496e-01 9.456818972187830852e+00
2.435580445453520149e+00 6.167637804213179642e+00
5.227280445396900177e-01 2.352740355272910033e+00
-2.408763248473409835e+00 -3.452134128750799835e+00
-1.556111570447680004e+00 -6.480636984567540004e+00
3.398838324472309935e+00 -1.453228722836420017e+00
3.563440149649979904e+00 -4.529454307158649939e+00
-6.960643362253899902e-01 -5.344015825253750407e+00
-3.754548275843260008e+00 3.277449751942489886e+00
-3.483604021370410031e+00 5.542598652766759670e+00
-2.262460663914680037e+00 -4.117741576509719614e+00
-3.547258844599129990e+00 1.775110108306449996e+00
-2.545288309454920128e+00 -4.651648099687459847e+00
-5.110075790435080201e-01 6.124433145794909716e-01
2.595459260046479866e+00 -4.831048622667800108e-01
2.933635260909800202e+00 -9.947839808326399691e-01
-3.085413670167330036e+00 -3.884885311540239861e-01
-1.882863644510510026e+00 -6.817232276459139761e+00
-8.219033423811199501e-01 -1.586281153536410082e+00
2.093900278210639954e+00 9.539225023824199567e+00
-6.903977151960130065e-01 -2.859686597754340198e+00
3.606489604339000010e+00 -3.352754456494480007e+00
-1.887304540723560020e+00 -4.400702944711610165e+00
-1.099210213869810104e+00 -7.267876769938030002e+00
2.927844477817420188e+00 1.793543880591369932e+00
-2.418516850098970217e+00 -3.361983685005439870e+00
-2.415216322988270048e-01 1.225245390688179947e+00
3.741111760959030086e+00 -1.900466416081719956e+00
-3.497308718040589959e+00 3.053466217203229860e+00
2.947604767978190266e-01 6.459221625620570340e-01
-6.046189311891789764e-01 -5.660567016090210402e+00
-2.352545371279120001e+00 -5.994589153888780331e+00
-2.026094397529960123e+00 -8.521947985755939925e+00
1.695117101073269961e+00 4.786312581924259568e+00
-3.611193951219319853e+00 6.634851111897519971e+00
3.699247460812329802e+00 -5.581630911473589585e+00
1.989298667758699901e+00 5.519728104785530221e+00
2.610338229686020028e+00 4.512260016657250183e-01
3.262216193601489955e+00 -3.564763445583360113e+00
4.396122395992280163e-01 2.879958516910119837e+00
-2.037354506552219835e+00 -7.284192183841190271e+00
1.060744415968660093e+00 4.223768926516919819e+00
3.739665111526849994e+00 3.209236688183709774e-01
1.956558674573899981e-01 4.861434154870830082e-01
-1.920597136020659956e+00 -2.618951085369980003e+00
-6.436779592186210319e-01 -2.216060602117219780e+00
-2.941875824704769826e+00 -1.664807473538870042e+00
-1.129056744277479929e+00 -6.588237198220720181e+00
-2.423404298722739991e+00 -4.546044728088539877e+00
-1.719739884138110075e-01 2.219524015156109920e-01
3.241940325126050126e+00 1.012660359515709985e+00
-1.976619720458979934e+00 -7.809038777837399969e+00
2.934150587767359930e+00 -1.870872140074949952e+00
1.458324173465370022e+00 7.299907273656690343e+00
1.425337262451650044e+00 7.639240222917480061e+00
-3.220890825614330044e+00 9.307463564186440053e-01
9.922405127435920402e-01 6.183580670231339838e+00
9.049250967800620549e-01 3.230147027107610036e+00
1.331410471349949942e+00 4.980656105625319796e+00
-8.690313715487719692e-01 -5.404902034061949578e+00
-2.309061359614129838e+00 -1.037999845111639985e+01
-2.352916691452259901e+00 -4.049726149937960429e+00
2.507044879719610098e+00 3.164094964521809938e+00
-7.527511045336719997e-01 -5.472003482762620052e+00
1.565459515899420007e+00 6.195181782894230160e+00
-2.931610563769940114e+00 -2.550331412165240064e+00
-3.779788741841910049e+00 2.523415270500750207e+00
2.941439980641010088e+00 -2.185942213157240077e-01
1.947610234841699928e+00 8.100231049953709572e+00
-3.369353843852879837e+00 1.060408778931599960e-01
1.046402746811510021e+00 3.843743347160009982e+00
1.360834529623389910e+00 6.311348728291050314e+00
-9.147038683295249939e-02 1.188187697476329907e+00
-5.614111442118879802e-01 -3.027049689776100116e+00
1.254977449774739906e+00 6.389621669567009832e+00
1.779869545251129948e+00 1.972544484931940012e+00
-1.128036715090269954e-01 1.348567014172150080e-01
2.813477460294960264e-01 2.542773434170180202e+00
-2.648086057975890029e+00 -6.385408232778879700e+00
5.830994509160519756e-01 -7.284725136466140005e-02
-1.102453468367460054e+00 -5.461579684437089632e+00
-7.376148775219919518e-01 -7.023912746213929914e+00
6.529363337904210418e-01 5.851014037832439563e+00
2.425491416826840219e+00 5.721238841034879563e+00
2.401374846696850085e+00 4.299942379906450007e+00
2.250983323901890043e-01 1.263987611103380093e+00
2.264505606144669780e+00 2.822661321211600072e+00
-9.064682610332970292e-01 -3.562093774137559787e+00
-1.855252012610439927e+00 -7.330668373512869707e+00
2.448600992560390210e+00 3.627677619362180028e+00
5.389482881873850495e-01 3.789179377741420218e+00
-7.266610488295559556e-01 -4.013255501713260287e+00
2.012809021398429987e+00 6.236274896021059888e+00
4.062010254710909929e-01 3.269708106515659907e+00
2.749462939798830163e+00 4.854634928222080426e+00
-1.690390540286899945e+00 -8.526969457142870468e+00
3.159161135554309774e-01 -1.520488589530659906e+00
1.455096168443559934e+00 9.523652839228450517e+00
3.628573175519699823e-01 2.685057173375279937e+00
1.309506248682740015e+00 7.359015681935369813e+00
1.919487088918689910e+00 4.598819647011230138e+00
-9.733671806752679512e-01 -2.460406180257619813e+00
2.068470226600770179e+00 5.851188400880669604e+00
1.638083171099419921e+00 1.025193286980560003e+01
-4.197972603142259840e-01 7.707576045340660542e-01
2.716935731470579984e+00 2.361151610359249808e+00
3.021108921617269960e+00 -3.807650707971209858e+00
-1.557261688634749897e+00 -6.346582684313490041e+00
2.982521248981360174e+00 2.907822485865190210e-01
6.946260500699279472e-01 3.890585670284779862e+00
-2.178645048290490216e+00 -5.904222220259129905e+00
-6.112133860588070400e-01 -2.427982232536039842e+00
2.023677116259929853e+00 4.689991173754950005e+00
-1.246991008520129951e-01 -8.471348034910649583e-01
-3.882836891338230068e+00 7.794804491302439686e+00
5.092965178191659614e-01 2.340604124344070058e+00
-1.177964486181739989e+00 -6.253695423813610432e+00
3.110196130350229904e+00 -2.413025526020919909e+00
3.365339027717709985e+00 -1.626545435380180038e+00
-2.236234245821830058e+00 -4.015384434643189948e+00
2.786154713481660217e+00 4.007965329618519590e+00
1.278823906555770051e+00 6.846141892515600347e+00
-3.384396035224200183e+00 4.254820287415849833e+00
-3.786220123991370201e+00 7.736273798475710173e+00
-3.151007669046519855e+00 2.091690107141099819e+00
-4.328308422118429810e-01 -3.791164616853139879e+00
-1.499879803508519904e+00 -8.707879019893450590e+00
-3.492001039907339788e+00 3.067416593879059850e+00
2.582378581166270060e+00 5.254050887796429592e+00
-3.368126228451729931e-01 -5.557251759803249591e+00
3.489673240110279906e+00 1.811879586399010172e-02
3.270399786531930086e+00 -3.698967530103089985e+00
6.271074246615170322e-01 2.886684315080629837e-01
2.940969416871670017e+00 1.824015868850259903e+00
-2.940160073339940228e-01 3.479753992226109816e+00
1.271730424836279960e+00 4.161290525856670364e+00
2.493868118152020141e+00 6.005808414620750213e+00
2.904854834079740211e+00 1.268596567402529907e+00
8.585525006055829689e-01 5.961238687823909643e+00
-1.481287140399220048e+00 -5.119801778011069615e+00
-3.090973297134040010e+00 1.478389809643539943e+00
2.884436622262000149e+00 1.072085904835460068e+00
-2.865512603893880073e+00 -4.119841635903889632e+00
3.489748723804950159e-01 2.153007247491160125e+00
2.136873180046679810e+00 4.226770126623799584e+00
1.847581334412099929e+00 6.324749639586349836e+00
7.810593117028470367e-01 2.196448335098649896e+00
7.802311219274999932e-01 3.941436098073619831e+00
3.965796956792469796e+00 -7.090491826373590101e+00
-3.526720222085709899e+00 -3.954862552929909736e-01
-1.000632265582680036e+00 -5.674940087689660295e+00
7.948789522051810108e-01 3.036771022399889830e+00
1.868858272209759974e+00 7.495133841154520304e+00
2.490595782175660133e+00 6.271105733924239978e+00
-8.486326765269039951e-01 -5.825954340397370146e+00
1.887594724074010077e+00 4.147240239996490274e+00
-5.597655568271879822e-01 -3.510012684477259892e+00
-3.304823072627189884e+00 -6.949234794535189552e-01
-1.012957338243720029e+00 -2.398765991692069832e+00
-2.375865096226330131e+00 -7.370152342440589699e+00
-1.883090794086460074e+00 -8.520101656112940347e+00
-3.805240100249649871e+00 4.484348391142670032e+00
-3.093218617141249904e+00 -4.243754979219370171e-01
-3.975119218230250273e-01 -1.084488845222749909e+00
-4.798996262252330225e-01 -7.406419077870440404e+00
1.360160402953620062e+00 6.049581825150010417e+00
-5.096380412578580543e-01 -2.549348057045690119e+00
2.046514244750139877e+00 4.640875348556320112e+00
-7.196312677115199730e-01 -2.408826501579210078e+00
1.749394332990050094e+00 5.803489381108679623e+00
-2.737064434215429998e+00 -3.561739850791230122e+00
-1.733389280736449933e+00 -7.340338946206640180e+00
2.258272314444179862e+00 4.659713332927889695e+00
-2.569601684808730191e+00 -2.332611057952359790e+00
1.335263501852749890e+00 5.429296557111859656e+00
1.658835574984550032e+00 8.453037812797019157e+00
-3.531141387298700085e+00 6.226693172837880041e+00
-1.182807000353929938e+00 -7.215894518648609868e+00
-2.717365741729739881e+00 -2.933456756253570052e+00
-1.125065447762610082e+00 -6.804185146835619591e+00
2.189663672819730067e+00 9.407682120007269333e+00
-2.377359144389629808e+00 -4.866855029974860081e+00
-2.089469123631720215e+00 -7.188273740118160227e+00
1.402337677776809954e+00 2.899565980843040069e+00
-2.157633386552329835e+00 -6.531270798296300306e+00
2.992440460249779832e+00 3.341248842131109953e+00
-3.666426949203009933e+00 4.447239606256410127e+00
2.834452042356129908e+00 9.844316130004310272e-01
-3.214993666857480115e+00 4.812245840267340036e+00
3.129262663424019902e-02 9.602000478218619683e-01
4.919752478599549728e-02 -5.596263872995299593e-01
-2.401909770444039971e+00 -8.103121419528349634e+00
-2.170235028490420159e+00 -1.750783572422109913e+00
-3.834651947021479934e+00 3.840856998135469880e+00
8.591349422931670032e-01 7.045738517436889836e+00
3.035102713853119916e+00 2.089927954584600012e-01
3.362615499645469797e+00 1.002364244087559975e+00
-3.857668302953240147e+00 5.770242803231670159e+00
6.902356054633860261e-01 8.313955691388910552e+00
-2.730694757774470016e+00 -3.623664773884839985e+00
-1.104129763320089941e+00 -7.019505930559239992e+00
1.398240411654110060e+00 7.267348910270460038e+00
2.284664619714019906e+00 7.786235917933040263e+00
-1.422780033200979899e+00 -4.419617072792590307e+00
2.942776009440419838e+00 4.211325760335459911e+00
-2.536685859784479913e+00 -3.759183567737530041e+00
2.568609967827800045e+00 1.990748002990559984e+00
-1.849072581157090056e+00 -5.646704988223680388e+00
-3.342716727405790067e+00 8.194184312126660430e+00
2.855496589094399962e+00 1.701292160309860080e+00
-1.605083506554370043e+00 -4.561251608670819913e+00
6.305623203516009800e-01 2.796254005414399835e+00
-3.985568888485429895e+00 7.689675145412629753e+00
-3.911078730598089859e+00 6.676254213403719717e+00
6.061117406934499741e-01 4.206991445517529904e+00
2.707635754719380117e+00 3.571673761562189853e+00
1.659750266000630026e+00 4.668842496203219561e+00
1.283022295683619862e-01 -6.035745860130879992e-01
-1.424688391387459951e+00 -5.471773267026930121e+00
2.965786259621379983e+00 4.670591145109220244e-01
-7.386853732168670028e-01 -5.750622917392339772e+00
3.373283131048080197e+00 5.719547221313110441e-01
3.643246889114379883e-01 3.238089532543479976e+00
-3.126018982380629918e+00 -3.522505908523960172e-01
-1.086407447233799894e+00 -6.766718410975250286e+00
2.006897205486890101e+00 5.984039559076579806e+00
-1.615066327154639936e+00 -6.668370513391399967e+00
5.205419622361660004e-01 2.250918981352219905e+00
-1.057140517979860084e+00 -6.510038265339590069e+00
-9.701716154813769810e-01 -3.690424000931490145e+00
-3.109309092164040056e+00 5.591637901537229727e-01
-2.504923302680249986e+00 -4.484088624732230244e+00
-2.791760308668020052e+00 -3.870179860068830191e+00
-2.016842544078830013e+00 -4.974952423159959558e+00
-3.511197801679370123e+00 4.442020944851890363e+00
-2.327519988641140181e+00 -1.195282346027320086e+00
-2.230856921523809877e+00 -7.566035526371700293e+00
-6.233485415577890223e-03 -2.989716880777609997e+00
-1.837762475013730024e+00 -4.866478686488660443e+00
1.546739742159839892e+00 8.269785894396459724e+00
3.596576172858480192e+00 -2.055596914845970069e+00
9.273083023726940155e-01 8.843324680077040867e+00
9.080768451094629601e-01 3.780838964784829948e+00
2.527507463470100024e+00 6.191997304252639722e+00
-2.419473094865680185e+00 -3.793952753318159843e+00
-2.094055546447629812e+00 -8.125638013484799416e+00
2.383311726152899934e-01 1.436425681801110077e-01
2.327889356762169903e+00 6.559384447826790421e+00
3.930002484470609847e+00 -4.451167101577810037e+00
1.151167340576650044e+00 8.642120630762509137e+00
1.344727043062450056e+00 8.296241340819280552e+00
3.711578808724880219e-02 -8.889279950935009555e-01
-2.907377922907469880e+00 -3.817831041219789778e+00
-2.911099182441830191e+00 -2.488228901664740089e+00
2.013369899243119931e+00 3.718854215651130168e+00
2.931979153305289909e+00 -5.452928446992719724e-01
-2.615624140948059839e+00 -2.110914342134420085e+00
1.226432276889680040e+00 5.517024251598449780e+00
3.040479725226759911e+00 7.470595075529500306e-01
-3.740589730441569727e-01 -4.240208251759770341e+00
-2.700343914330010156e-02 6.925738919071570132e-01
-2.435877289623019859e+00 -4.000416961330469867e+00
-3.648476777598260057e+00 5.030726814732140006e+00
4.834602400660509974e-02 1.222398375497439904e+00
2.361060852184889924e+00 4.114915567250250206e+00
2.241938265040519962e+00 2.672425996493970057e+00
-7.995509747415779911e-01 -4.654033215960190262e+00
3.330293705686929950e+00 -7.117567825356440059e-01
2.027337081730370194e+00 7.056345610537239743e+00
8.484341278672220543e-01 6.776562262523389890e+00
1.152842557057740080e+00 4.373630682246630208e+00
-2.729789953678849912e+00 -7.147223797879950213e-01
7.747993413358930104e-01 3.389909966473739988e+00
3.453803904354570076e+00 -3.377586475280569989e+00
-2.470161091536279940e+00 -5.190372078685699719e+00
-1.490662248805169954e+00 -9.981664023382450068e+00
1.002208244055510011e+00 7.256484245833489943e+00
-2.899244157597419935e+00 -1.660816851160070051e+00
5.816458072513339683e-01 5.555085807607709647e+00
3.258986780419950158e+00 -2.089339352321990084e+00
-2.123336736112829970e-01 -2.465655393574449850e+00
3.851013867184520212e+00 -5.298097347025059634e+00
-5.604982040822510392e-01 -7.206901003064709599e+00
-3.950511444360019997e+00 1.630992871468889938e+00
-9.277584478259089940e-01 -6.944368924828379974e+00
2.460443360731010110e+00 3.471104468465239901e+00
-2.271329279989000138e+00 -5.376973665306329586e+00
3.271292280405759811e-01 4.742869482901009626e+00
-2.476518590003249809e+00 -3.648527363516870015e+00
-1.221611240878700100e+00 -8.871930176741489760e+00
1.098829558119180039e+00 6.239295925916030328e+00
5.301209595054390267e-01 4.680637000195919661e+00
-5.497236195951700211e-01 -6.292144593834930077e+00
-2.719318663701419947e+00 -1.981080248464800020e+00
3.748812550678850108e+00 -5.256149570192779841e+00
-1.812215056270360114e-01 -1.742290507014599976e-01
-2.664611956104640189e+00 -5.248121331900200026e+00
-2.988415418192739814e+00 4.767940213372650060e-01
6.451530847698450089e-01 6.952615702095710226e+00
3.864823345094920093e+00 -6.119170409616570439e+00
2.858835356310009956e+00 2.214228426122609950e+00
2.166852001100779912e+00 2.482669514299900015e+00
-1.434795446693900023e-01 -3.133099638128570064e+00
1.366595756262539929e+00 6.684142738672569806e+00
6.455518621951340519e-01 5.970579317213330128e+00
-1.974786503240469893e+00 -1.101015341848530049e+01
8.415254484862090267e-01 3.563615961366330076e+00
-2.975767759606239959e+00 -2.780965279748239816e+00
1.283483728766439957e-01 -4.362538876571450119e-01
-3.670295551419259894e+00 5.400762726805489855e+00
3.181439761072399897e+00 1.750917421880280114e-02
-2.898167399689560053e+00 -7.154690784749220267e-01
-4.600308407098049890e-01 -5.548103961554279984e+00
-4.515729025006289810e-01 -5.953817016384790328e+00
8.484615571796889910e-02 -5.695177005423649463e-01
-2.992872390896080259e-01 -3.908402183934669982e-01
6.287984251976009853e-01 2.948935982801129896e+00
-2.274693058803679779e+00 -7.601954067687709760e+00
-2.649530133232469886e+00 -1.672179168273759897e+00
2.248985258862380210e+00 2.331863968442169810e+00
2.558078320696949959e+00 4.443524881060049836e+00
5.539628844708199829e-01 7.545582886638079856e+00
2.200957959517840123e+00 8.362979434094729214e+00
3.120808079838749971e-01 6.239865832043619776e+00
-2.527830988168719983e+00 -8.848848133553710582e+00
2.304209262132640212e+00 6.152333227260309734e+00
-2.273318683728580147e+00 -9.348815391090779414e+00
-3.148626208305360219e+00 9.218578116710659520e-01
2.108154140412810129e+00 6.307165632009859912e+00
2.195648834109309888e+00 9.061270947201640169e+00
-1.652076646685600059e+00 -7.189559306182600196e+00
9.380459599196909748e-01 3.737793850381740057e+00
1.565454546362160082e+00 6.338149683872489781e+00
-2.318829428404569903e-01 -5.596721386398510134e+00
2.191632971167559951e+00 6.398871506223190231e+00
3.365759372711179864e+00 -2.243992051152750022e+00
-2.753120874986049849e+00 -1.008385145794250093e+00
5.660623107105490215e-01 4.872233163761849895e+00
1.531310262158509961e+00 5.433543979659679835e+00
2.767810599878429922e+00 2.948369010196870033e+00
-7.279560789465899795e-01 -8.748752898073579587e+00
-1.629662284627559909e+00 -8.902809746007969594e+00
2.140493279322980058e+00 1.542172205083659930e+00
-3.871746854856609854e+00 6.581357523976770096e+00
1.396815333515410096e+00 5.770299285442099801e+00
-3.068849382922049784e+00 -1.906957337472630076e+00
2.117060251533990023e+00 3.376732272443859983e+00
1.068694071844219939e+00 6.424151478748130195e+00
-1.761893419548870021e+00 -5.103579540581209883e+00
-3.293474514037369794e+00 2.627035626487149944e+00
-2.052050368860359963e+00 -7.549649640223550229e+00
1.510150302201509920e+00 6.321234434250129652e+00
1.998983481898900072e+00 6.319417275083890395e+00
-3.731685142964119795e+00 7.199248087000079899e+00
-3.277672683820130217e+00 1.367281841523199981e+00
2.402806334197519877e+00 4.125840781723080219e+00
1.645047202706340084e+00 1.091498660870409942e+01
2.209549661725759950e+00 9.164052473013200029e+00
2.899395484477279794e+00 3.343258460902970075e+00
3.095908829942350060e+00 1.980010757715489955e+00
-8.681061640381809719e-01 -7.627120171281240424e+00
-2.253550693392750048e+00 -5.309727316126879870e+00
-2.608013674616810107e+00 -3.765850056694819870e+00
2.947102468460799929e-01 2.097476074030669935e+00
-2.398665292188530085e+00 -4.779836602699940151e+00
1.562596896663309920e+00 5.784687933938020166e+00
-1.102021936327219898e+00 -7.331581332757849623e+00
-4.738970100879669745e-01 -6.191382366656100089e+00
8.891816940158610016e-01 5.496346420443609659e+00
-1.718280198052529961e+00 -5.680292790999340369e+00
3.227033726871010089e+00 -1.860743378783449975e+00
1.356195854023100056e+00 6.956739835210679956e+00
5.129661466926339619e-01 2.879126670485030015e+00
-3.810478890314699996e+00 3.624348776097050084e+00
-9.434791374951599918e-01 -8.493110578576349212e+00
-1.203349359333520052e+00 -7.957175270669170075e+00
3.718878522515300045e+00 -6.943112004609620413e+00
-1.259922645986079892e-01 -1.254905640827209901e+00
-3.471115995198490012e+00 2.226634424039149796e+00
-3.571376604959370038e+00 4.802344874111789785e+00
-1.794828085228800107e+00 -4.181002068519689807e+00
-1.986579619348050052e+00 -6.214372992483530034e+00
-9.780587963759900250e-01 -7.045436490315509559e+00
-3.180635686963800168e+00 -4.087141957719360175e-01
2.566318012773990187e+00 1.768258612678639929e+00
-2.530604412779210222e+00 -7.210670966468580190e+00
5.548610910773279503e-01 6.044900584448189562e+00
2.017825854942199904e+00 7.615933852274060278e+00
2.849822288379070034e+00 9.085823749867150134e-02
-9.884953740984200321e-01 -3.739843508379030013e+00
-1.528167570009830056e+00 -9.113051408299739364e+00
-3.588817192241549936e+00 8.084171666936390555e-01
-5.573136247694490120e-01 -3.631460935387889943e+00
-4.304569829255340263e-01 -2.623562576519740119e+00
-3.089801333844660047e-01 -2.207016052576099785e+00
-3.757627056911589936e+00 9.282905343943580689e+00
3.982261311262849990e+00 -5.198151372337069809e+00
3.701309731230140176e+00 -5.446614267290749822e+00
-9.523369278758759826e-01 -2.330437671705880120e+00
-4.964796863496300228e-01 -3.046232290653319907e+00
1.887783255428080009e+00 8.332845217188580733e+00
2.410221863538029918e+00 5.698306948324540322e+00
-2.696982404217119988e+00 -2.489790701558229902e+00
3.820192750543359939e+00 -6.738248471219259628e+00
-7.199017889797690306e-02 -2.037524361773920045e+00
3.120394572615619921e+00 -1.470497161052600088e+00
2.548775492236019957e+00 8.021468170448679658e+00
3.231277363374830180e+00 -1.474608733799640081e+00
4.062684867531060062e-01 3.368818764028500112e+00
-3.231390958651899847e+00 -1.208170467443540064e+00
1.478524362668399927e+00 7.495803869564220179e+00
-2.013772023841740033e+00 -8.974746499054939264e+00
-3.852403284981849918e+00 4.339984728016530013e+00
1.222134755924340066e+00 2.106829181266189899e+00
-1.602269481867550027e+00 -8.185688060153669454e+00
-3.977557467296719995e+00 3.504677317524210078e+00
1.271296462044120057e+00 7.275001701544489663e+00
-2.670561594888570145e+00 -5.496936951192320286e+00
-2.795998876914380205e+00 -5.344100195458810099e+00
-1.915660612285139952e-01 1.809098889458530035e+00
-2.102589813992380208e+00 -5.243791436384619864e+00
9.002823065966369942e-01 5.486814340091240361e+00
1.188322084024550085e+00 8.899321422898369249e+00
-3.546891976147890091e+00 3.167325064021739855e+00
2.941943524405360222e+00 4.903508209211450364e+00
-1.004365330561999947e+00 -4.695009113951329915e+00
2.137755354866389901e+00 5.893390870786669566e+00
1.898068159818649958e+00 6.247357421155180113e+00
1.767837096005679953e+00 6.225036790105599849e+00
2.418543824926020047e+00 2.730086888394069877e+00
3.964820029214020103e+00 6.052484468128559447e-01
3.697863647714259905e+00 -6.702977881128109772e+00
-1.036445936188099992e+00 -5.244802289145259699e+00
-1.844643862918019961e+00 -5.101045276424120090e+00
-8.078207336366179936e-01 -2.610563664023049846e+00
4.704548381268979784e-01 5.866938132590860278e+00
-2.652621207758779853e+00 -2.033255662628130178e+00
1.939444746822120091e+00 5.064418655570699812e+00
1.652400063350800030e+00 5.028977382259699702e+00
-1.465159691870210057e-01 -1.763893555804050051e+00
-6.885464340448379517e-01 1.142537673844250090e+00
4.693811684846880272e-01 4.758917671403930072e+00
2.170140258967880043e-01 1.704493921537010070e+00
-9.766267631202939503e-01 -3.651905358596979845e+00
-2.885784629732369932e+00 -3.221076699686510114e+00
2.081735327839850047e+00 9.237578456589170539e-01
1.938413426280019891e+00 3.813872473285250031e+00
-3.388081055134529951e+00 3.798978167875839862e+00
-3.531136045232420084e+00 5.334124009058079707e+00
3.940500715747480065e+00 -7.595843057789180008e+00
-8.404889702796940198e-02 -4.731035623661560052e+00
3.566849732771519843e+00 1.747950804305169914e+00
2.986333524808289841e+00 3.522911019618850115e-01
3.480402585119009906e+00 -1.209887031156180043e-01
-3.296218924224379787e+00 6.022476267690569651e-01
1.291244430467489934e+00 6.723066258347180302e+00
-3.463528733700509843e+00 3.470351798510959984e+00
2.241134211421010214e+00 8.504694065499480260e+00
3.390487525612119746e-01 4.611441571061789979e+00
