-7.648065518587829903e-01 -4.846782048709970425e+00
9.017877485603089660e-01 5.491058577114049655e+00
3.632729908451440171e+00 -3.301403146623839824e+00
2.295418821275229782e+00 5.241247941409389988e+00
-3.604675225913520187e+00 3.126956979781709833e+00
-6.821173243224619709e-01 -4.413065908717279662e+00
1.583572627976540081e+00 6.999428689219909572e+00
-1.503097664564849945e+00 -6.983965244452400079e+00
2.931866517290469876e+00 1.457344314064640045e+00
-5.345188751816749573e-01 -3.565989586931900046e+00
-1.496815960854289973e-01 -1.043863074253940093e+00
-7.281846255064009510e-01 -4.658610363967659929e+00
-1.872218877077099997e+00 -6.684405911968130276e+00
-1.084711346775290020e+00 -6.189180212189049790e+00
-2.822898067533969879e-01 -1.949888873648540022e+00
2.880854768678549949e+00 1.804554964966869957e+00
2.232527062296870035e+00 5.522509340148990198e+00
3.131152937188740104e+00 7.307668738071020076e-02
-9.184672534465789795e-01 -5.562704819593800032e+00
-2.345453314483169904e-01 -1.626805528414700053e+00
-1.776322312653060009e-01 -1.236896915924559970e+00
3.887633321806790221e+00 -4.751154980711410403e+00
6.709786877036090225e-01 4.352269642986690279e+00
3.862445913255210250e-01 2.636986316073099967e+00
2.682042559608820209e+00 3.104814458453049930e+00
-1.897949777543540106e+00 -6.628726397363389644e+00
7.999116741120819718e-01 5.021061856038669724e+00
-1.168763425201180040e+00 -6.441872095055900083e+00
1.245646392926569979e+00 6.633219883933089811e+00
5.237230453640220329e-01 3.500753318391129909e+00
-3.906487487256529723e-01 -2.665518580543829952e+00
3.746092524379490141e-01 2.561362352840579781e+00
2.576240569353100085e+00 3.749992044062449903e+00
-2.117849135771389779e+00 -5.978428935185520210e+00
-1.632836356759070018e+00 -6.986532941738579972e+00
9.752183612436059468e-01 5.794770840510680365e+00
3.822827238589530108e+00 -4.408267669303620018e+00
-2.028408046811819965e+00 -6.279771493853579578e+00
3.107269203290340176e+00 2.402169790391139870e-01
1.500860653817650103e+00 6.982888481831450278e+00
2.038923628628249940e+00 6.246903905564679782e+00
3.797806467860939783e+00 -4.270849850645250356e+00
-2.677615350112319881e+00 -3.132559212254910186e+00
-9.614676982164379604e-01 -5.740227079536129651e+00
3.198599763214589942e+00 -3.988336631342619953e-01
-3.167370911687609869e+00 1.804278221950549876e-01
-1.929590389132499917e+00 -6.554246746668519918e+00
-1.774237621575590063e-01 -1.235460567373799945e+00
-2.107042063027619871e+00 -6.017429841329639650e+00
-9.203614108264450422e-02 -6.433438323233939826e-01
-3.194227341562509981e+00 3.682727164062130076e-01
-3.141642760485409802e+00 3.507482691753920014e-04
-3.400345990434289867e+00 1.791129127559409895e+00
3.368521630764009789e+00 -1.574904110245989974e+00
1.383992740884419925e+00 6.878220221087850028e+00
-2.823242472484710053e+00 -2.191000466819160053e+00
2.077941931784149932e-01 1.444114330349570041e+00
-3.944012364372610158e+00 5.033278725527320141e+00
1.545591210946440031e+00 6.997776575187890202e+00
2.407585695385929814e+00 4.688951093200410369e+00
-3.532172091305259887e+00 2.665069949234459834e+00
-2.098004760220649967e+00 -6.049504557607559896e+00
-1.201585657894610026e+00 -6.528287426098970059e+00
-3.170307464897629934e+00 2.009760576850360136e-01
-1.723489295691250089e-01 -1.200478645876430051e+00
1.743076372891660064e+00 6.896375232983229964e+00
2.067676300182939908e+00 6.153518759242159852e+00
1.078404078260059906e+00 6.168431366041679631e+00
-6.122907921671869591e-01 -4.023205190140649812e+00
1.871617190539839992e+00 6.685655098277400121e+00
-3.339750546962020117e+00 1.378045253196829911e+00
4.934048708528280258e-01 3.315391686492350054e+00
-2.034210575744510141e+00 -6.261720699028460402e+00
2.234320025891070038e-01 1.551043296989639941e+00
1.131698831915860071e+00 6.335949950743840375e+00
7.788278609514239781e-01 4.917119527263399625e+00
5.167234782129529469e-01 3.458238331326600079e+00
-2.529372073709959867e+00 -4.022802980732629763e+00
-1.772369612008329876e-01 -1.234173466396139895e+00
-1.730305785313249967e+00 -6.911137217480329831e+00
3.106972681358460164e+00 2.422913994284620065e-01
-3.423543008044359848e+00 1.947606643632570078e+00
2.306441083550450077e+00 5.189787635478600336e+00
-1.420915585011240045e+00 -6.921522248408069622e+00
-3.701040280982850206e+00 3.715026814755900020e+00
1.224815400317309955e+00 6.585202776775870070e+00
-3.853087330237030095e+00 4.570765837879510407e+00
-3.029823565855620071e+00 -7.807556657335009698e-01
2.154284309595820179e+00 5.841822472625019635e+00
-2.159224636852739909e+00 -5.822698556259240377e+00
-1.390134826302529936e+00 -6.886075345724449903e+00
-1.618065739050509988e+00 -6.992181065374089677e+00
-2.328989211469890019e+00 -5.082558509201070329e+00
3.135168980807069961e+00 4.496540023876369890e-02
3.154677003622059939e+00 -9.158783686406310465e-02
2.102004714310170108e+00 6.035368923848809963e+00
-4.418559838086369984e-01 -2.993325544497590140e+00
1.905808132141829925e-01 1.326004568877569900e+00
1.887194802984599962e+00 6.652535248408390167e+00
-6.779403742402789756e-01 -4.390331278629120426e+00
-1.595859110355380084e+00 -6.997801614159389949e+00
2.305566672235729975e+00 5.193893160652409691e+00
-3.044761760160330066e+00 -6.767575245356040048e-01
1.332045737653970052e+00 6.801439434124340266e+00
-1.529705338180070040e+00 -6.994091188765380274e+00
-7.284480165690180309e-01 -4.659986338097059644e+00
-2.878669854253529947e-01 -1.987353395977039971e+00
3.263571206480259779e+00 -8.517340726058509892e-01
1.668243745341899897e+00 6.966790294592430044e+00
-2.316103367134930036e+00 -5.144157921277510148e+00
-5.726279299706219517e-01 -3.792898477477629982e+00
2.504905059933660194e+00 4.161747120455689952e+00
-1.926041271537539901e+00 -6.562929241814540404e+00
1.630503600463270031e+00 6.987526351479409925e+00
5.754825118929149941e-01 3.809677533389720150e+00
3.064139232039449823e+00 5.416320269027099510e-01
2.636991029605269876e+00 3.384211273955819888e+00
2.551643066108229885e+00 3.894233926754679942e+00
-1.437014060094949919e+00 -6.937451441036250444e+00
-2.192908536642789841e+00 -5.688545616996550258e+00
2.777930384501809957e+00 2.489895584638219805e+00
1.432107325643299900e+00 6.932786602503560047e+00
-2.823090821504589787e+00 -2.192008658544410071e+00
5.338726621121170357e-01 3.562096315669439850e+00
9.013757221400739983e-01 5.489269314808789879e+00
9.378821570426230103e-01 5.644150483095869753e+00
3.482398426160219884e+00 -2.339726407530760000e+00
1.346277197822929983e+00 6.824308958224260202e+00
2.672434473410250089e+00 3.164949095980670091e+00
-7.566680386662479885e-01 -4.805517498812919897e+00
-1.975208047777410103e+00 -6.435338217586139997e+00
-1.413240054622290076e+00 -6.913295658918260145e+00
4.820261094719169859e-01 3.245027627082059940e+00
-2.773960975930089834e+00 -2.515844577448569819e+00
-2.880176551640030169e+00 -1.809141602796570103e+00
-2.834329899400469976e+00 -2.117155080576759829e+00
-3.229591114446519917e+00 6.151945248065859850e-01
2.855083361268039965e+00 1.978238783332729955e+00
1.542427249252799948e+00 6.997183372948399871e+00
2.741834551095959860e+00 2.724368699920369785e+00
-1.323296310380100094e+00 -6.786695293654130268e+00
3.699370568618180144e+00 -3.705115506488179999e+00
2.555737119168040028e+00 3.870387146796530065e+00
-1.640851050615309975e-02 -1.148544194955140041e-01
3.972937749698759902e+00 -5.171869332221840310e+00
2.386854868382219941e-01 1.654979094117219995e+00
5.810672156512739495e-01 3.842414173978939917e+00
-4.015801269561050102e-01 -2.736112742005039955e+00
2.082372810691600074e-01 1.447149082887440041e+00
-3.271648000925779787e+00 9.078231591127540190e-01
3.749129343777890089e+00 -3.995926739621099788e+00
-3.571704523637889928e+00 2.918807401038089999e+00
-1.473497686907649928e+00 -6.966891543617760085e+00
3.144408915191890141e+00 -1.971380515519779997e-02
3.796757441014049772e-01 2.594335274529029789e+00
-2.655513515695929971e+00 -3.270139418461480041e+00
3.770739601925019890e+00 -4.119186781186759738e+00
3.654666762799020141e+00 -3.436004935396990145e+00
-1.215879578143360007e+00 -6.563727960556340335e+00
-2.611858030781149864e+00 -3.537130478625610142e+00
3.698871491476889872e+00 -3.702151009311580143e+00
2.701189890503880031e-01 1.867922790888469908e+00
-2.622626028954980093e+00 -3.471881628188980162e+00
2.248439043760299960e-01 1.560679388239240017e+00
3.434805460274219957e+00 -2.023205774245110167e+00
2.391396686434749952e-01 1.658068062297489931e+00
-3.513742201030249923e+00 2.545330737946669863e+00
-1.269429728388790091e+00 -6.684522178033300399e+00
-1.699379839003090087e+00 -6.942211668562849880e+00
-7.453392539173360198e-01 -4.747548070204950399e+00
-2.897133074700830146e+00 -1.694224046922260030e+00
-2.776902217417959839e+00 -2.496620745156040044e+00
-2.710673898458479947e+00 -2.923940203210760203e+00
2.909152891486880055e+00 1.612466499273619958e+00
1.990343049168590062e+00 6.392915726360399731e+00
-6.165337003767489693e-02 -4.313002304245350249e-01
3.540790895000100136e+00 -2.720758240633069924e+00
1.869982065632940005e+00 6.689037621151889823e+00
3.888434378430249971e+00 -4.755271426619319897e+00
2.887914860621089819e+00 1.756760161114270025e+00
-2.347748883068560222e+00 -4.991374066386829789e+00
1.668593097478149989e+00 6.966551942189879831e+00
3.320510093122719830e+00 -1.245750789083990062e+00
-3.176602538675069809e+00 2.450191354373439934e-01
-7.986465729773040145e-01 -5.014887447404730025e+00
-3.241274712607260078e+00 6.966194130302789667e-01
-8.967277612537150056e-01 -5.469020642983159597e+00
1.446300409734250003e+00 6.945822713019530248e+00
-3.498800013214350191e+00 2.447614678256280207e+00
-3.870716152712700087e+00 4.663513630352800199e+00
2.023456463590259879e+00 6.295007949774340084e+00
-1.500414680689569957e+00 -6.982669639330869593e+00
1.190544994547960034e+00 6.499999673801090339e+00
-2.146993717178700134e+00 -5.869783629039649675e+00
3.322181005030869994e+00 -1.257258717824679906e+00
2.282333370298149866e+00 5.301513585943630424e+00
7.547455523163080215e-01 4.795723376277099881e+00
2.759468318894509942e+00 2.610246978434049847e+00
-5.684752706438299663e-01 -3.768434255820249934e+00
-2.452970560640100217e+00 -4.448317110742070035e+00
1.578990129753949923e+00 6.999765016890440172e+00
1.827155426144599915e+00 6.771237028592969942e+00
-3.996277207508680096e+00 5.280547139269620160e+00
1.344444699585439995e+00 6.821441620752180413e+00
2.975990589708089828e+00 1.153923316346070038e+00
-3.398838587105270204e+00 1.780926546312860070e+00
-2.360490376129749990e+00 -4.928438310341199724e+00
3.173909461125730136e+00 -2.261782787579419973e-01
-2.166041277349000094e+00 -5.796078239463369641e+00
-2.110120512545110127e+00 -6.006391621288900140e+00
7.701083570718769700e-01 4.873491176669370262e+00
3.752310909330839994e+00 -4.014192204229590111e+00
2.944854455068710131e+00 1.368300478967870104e+00
-6.486728247255090229e-01 -4.228905312285569984e+00
2.390588462352750021e+00 4.776612202375729588e+00
-1.337411677464839910e+00 -6.810224367961350111e+00
3.635790619999169859e+00 -3.320280138690979932e+00
2.409189889207480118e+00 4.680607307480380008e+00
-2.991337716579439920e+00 -1.047831413700379910e+00
3.273172035813329828e+00 -9.184002486000889531e-01
1.667388100177049914e-01 1.161770931572760013e+00
-9.285066276788710438e-01 -5.605083810363019836e+00
-1.049236392602320045e+00 -6.069301166616069665e+00
1.504393871873619948e-01 1.049107999640080058e+00
-9.186111632734540455e-01 -5.563316274030990272e+00
-1.004297792911529985e+00 -5.906497195733059868e+00
1.005949096754189975e+00 5.912692702137690048e+00
2.326643280684950049e-02 1.628503361755019863e-01
-3.073762681335209912e+00 -4.744457970516379741e-01
-1.367808226495980106e-01 -9.544830133561349461e-01
-3.366275113075969938e-01 -2.312140405628490214e+00
1.163420125842089980e+00 6.427144748612669822e+00
-1.292869729921219957e+00 -6.731384581444269877e+00
-2.705526318401100028e+00 -2.956640323240570023e+00
1.796434771269560082e+00 6.822560271701240353e+00
1.039784427732229899e+00 6.036065561097410104e+00
-1.590168800204990074e+00 -6.998686516538080049e+00
-3.156658031046390089e+00 1.054536530319819948e-01
-3.240300694480540145e+00 6.898348029334350207e-01
2.363739341497419932e+00 4.912261832991590360e+00
1.945639321580530101e+00 6.513955819981550377e+00
-1.755478601902719982e+00 -6.880962517859580352e+00
-2.513015879318119872e+00 -4.115959092799220009e+00
-1.509833527728920100e+00 -6.986996407984189972e+00
-2.241858949884770080e+00 -5.482129445965590264e+00
3.807117547839879990e+00 -4.322304670605079835e+00
1.176458800211549915e+00 6.462759009012939870e+00
-2.199413193389769816e+00 -5.661891206621110229e+00
2.377127315849069944e-01 1.648362071385240046e+00
3.485169177874920088e+00 -2.357997159045469804e+00
-4.813464991748330202e-01 -3.240811661468959937e+00
-1.897629566490649955e+00 -6.629446353492849831e+00
-2.959643237292770124e+00 -1.266630070743749892e+00
9.468098189681769528e-01 5.680889860894089871e+00
2.511469770222900078e+00 4.124708326442510398e+00
-1.739773359149690002e+00 -6.900301234818299712e+00
-4.148550890386100143e-01 -2.821401210368819967e+00
-5.946761742234230042e-02 -4.160280140117019743e-01
-1.859828542917969951e+00 -6.709641166719790384e+00
-1.419367082417009873e-01 -9.902242785716030005e-01
-3.248667143285270065e+00 7.480900448256490032e-01
1.257768483832480078e+00 6.659838753661399657e+00
-1.976280571892859994e+00 -6.432380414308349614e+00
1.151383319869639932e+00 6.393296948873150143e+00
-2.695437366142869884e+00 -3.020502573035170002e+00
-3.169546494260429892e+00 1.956514014759719866e-01
3.652638113126160047e+00 -3.423625792997829986e+00
-9.243470747023819767e-01 -5.587593479760649906e+00
-1.567580247297879925e+00 -6.999963798945540105e+00
3.091752486303450009e+00 3.487367496800509725e-01
1.520056812092660081e+00 6.990991188780189880e+00
1.325881140306589989e+00 6.791105254759280285e+00
3.214995115995410213e+00 -5.133559599678689800e-01
-3.562967127189040184e+00 2.863105588985070060e+00
2.161638075485829980e+00 5.813304480305370170e+00
-3.684006417170170078e+00 3.613433585142729942e+00
-2.240134578198190063e+00 -5.489627015839480428e+00
1.693540634587409999e+00 6.947334594147649867e+00
-3.316972341388459977e+00 1.221374095805509929e+00
2.499116076156500110e+00 4.194260421092510072e+00
3.596682583913210163e+00 -3.076801650534159993e+00
-3.548942197114230090e+00 2.773239993358259881e+00
2.932481437921520051e+00 1.453133913507069996e+00
6.792007479816679627e-01 4.397199426774710318e+00
1.631936490535740081e+00 6.986920656429639997e+00
3.621156591922039869e+00 -3.229746430153780157e+00
1.362256316468120065e+00 6.848339550826639588e+00
-2.075754387304189930e+00 -6.126363350059140345e+00
2.843311335891490210e-01 1.963608521038380017e+00
-7.471370697021479934e-01 -4.756788366216789576e+00
1.278707597404719953e+00 6.703511561756600123e+00
1.033769052475689953e+00 6.014632921874619953e+00
-4.118692688643930122e-01 -2.802260831871460134e+00
2.656862193718549925e+00 3.261789209814870194e+00
5.771894361823799446e-01 3.819695906148650177e+00
2.985210940241810107e+00 1.090215701475909960e+00
5.829364657402039684e-01 3.853344700933969857e+00
1.350172139704229890e+00 6.830327301815199981e+00
-2.829743536189199826e+00 -2.147733633371890161e+00
-3.024805920198560205e+00 -8.156500514508020494e-01
2.779625320807099786e+00 2.478803396084740207e+00
9.021680261939759582e-01 5.492709140209550256e+00
3.944358242675659820e+00 -5.034961047015030111e+00
6.982249934226270049e-01 4.500013512302460050e+00
2.434050234034660143e+00 4.549776483988959619e+00
3.933961883187290010e+00 -4.984131938222549962e+00
7.874319516122339768e-02 5.506329218337070452e-01
-8.833031076937909454e-01 -5.409874745388060013e+00
-2.418042106553909942e+00 -4.634348822196200146e+00
1.341121850535269999e+00 6.816183888588369655e+00
1.807864215224979976e+00 6.804215383322460120e+00
2.480514824390410045e+00 4.297775806584660074e+00
-3.648266997188330141e+00 3.396904729813119861e+00
-1.736057033762339996e+00 -6.904628500680569658e+00
-3.536331515759230104e+00 2.691970024589600108e+00
2.652548784390090120e+00 3.288474332903589925e+00
-1.703198954463009951e+00 -6.938732986382169621e+00
3.164873123168949753e-01 2.178611814395309931e+00
-3.876178648322820219e+00 4.691959834366890014e+00
3.128914499655369941e+00 8.874470009116160185e-02
2.016300329938530034e+00 6.316755190481679882e+00
-3.577248457819219851e+00 2.954035279393679936e+00
1.501941485330460013e+00 6.983413092573639958e+00
2.468896359205249968e+00 4.361679988037780120e+00
-1.464406015351410018e+00 -6.960421209205120086e+00
1.676638837903740020e+00 6.960827360179799861e+00
-3.404923893511300204e+00 1.822088774676150047e+00
3.721823543310169846e-01 2.545544664902919862e+00
-1.694085754454139892e+00 -6.946866364636600011e+00
3.589052058756350139e+00 -3.028735230835250203e+00
-1.093595651909710087e+00 -6.217988810548940037e+00
-3.663523731753230095e+00 3.489885259150720120e+00
2.997458742931490061e+00 1.005447625744740003e+00
2.957648562267420012e+00 1.280359781815489928e+00
3.713220560923220059e+00 -3.787013089059239945e+00
2.491709262132640212e+00 4.235655000149909810e+00
-3.509899085387590212e+00 2.520251679298179948e+00
-1.135544292628769991e+00 -6.347346625750249771e+00
-4.845477100461719755e-01 -3.260657275296360069e+00
5.550613012164830051e-01 3.688967794008440215e+00
-1.629582596942779960e+00 -6.987908093442450230e+00
8.629436884075399883e-01 5.318318944879350418e+00
1.560165578499439931e+00 6.999604458892499714e+00
2.695035636425019976e-01 1.863770670491619930e+00
-3.970526179298759839e+00 5.160478497643920193e+00
3.761873412877320133e-01 2.571639705339659798e+00
1.980130577459930041e+00 6.421701954135169643e+00
-1.108270235359670064e+00 -6.264497304042260239e+00
1.179537149146199893e+00 6.471007213961709859e+00
3.405663646757600027e+00 -1.827088044114220100e+00
-1.443574164062739973e+00 -6.943427191207930171e+00
3.866801446303730128e+00 -4.643041966033860213e+00
-8.084814026951789856e-01 -5.062674884104500173e+00
-2.457472424954179946e+00 -4.423940185412400083e+00
3.584950702264900091e+00 -3.002826805516650044e+00
-2.823327131569389969e+00 -2.190437622369119985e+00
1.672303227707740092e+00 6.963968175958240359e+00
-1.195641815662380036e+00 -6.513157123353559896e+00
1.766722800210120070e+00 6.866074102925010081e+00
-2.135727204382420030e+00 -5.912379253469650209e+00
2.047098077833649832e+00 6.220876392602770366e+00
-2.463813450187439802e+00 -4.389452508044500156e+00
3.819068614393470007e+00 -4.387798793939669650e+00
2.203260730952020019e+00 5.646012157103999840e+00
6.685029063373799652e-01 4.338682859852259988e+00
-1.168111179023979984e+00 -6.440084203239189620e+00
-2.857599820941690183e+00 -1.961335382805339922e+00
-1.068468440324070068e+00 -6.135248957880549803e+00
1.010055579245090041e+00 5.928029826092029886e+00
-7.144817877560849517e-01 -4.586582210845070229e+00
-3.056689269840719980e+00 -5.936099048005609724e-01
2.095882585272189846e+00 6.056964931732250257e+00
2.494619328528639990e+00 4.219419053854079671e+00
-3.424767222255470145e+00 1.955836311665849925e+00
-5.208580680191520207e-01 -3.483372219006560133e+00
-3.534465629607439929e+00 2.679908587862270153e+00
-3.605085622519249799e+00 3.129526931080529817e+00
-8.347148802131409973e-01 -5.187735808927380177e+00
2.483184529468419832e+00 4.283009542608709808e+00
-2.813180865719909995e+00 -2.257780730905489808e+00
-3.926560433581470111e+00 4.947616720777939570e+00
-1.257529586553570056e+00 -6.659323600170480084e+00
2.427348336204889989e+00 4.585326331033700242e+00
1.402899049222469996e+00 6.901568319206390356e+00
-3.744226975366470089e+00 3.967702978777869927e+00
-3.304478656500580147e+00 1.135166759939499892e+00
-2.626052752137180146e+00 -3.451032546730119943e+00
3.929892446845769882e+00 -4.964088946122729773e+00
1.839650608599190107e-02 1.287682791095489943e-01
1.612680947408080101e+00 6.993860772539910009e+00
-1.426195697858930078e+00 -6.926944731381680320e+00
1.254065023735170037e+00 6.651809976100500066e+00
-6.365207917988300323e-01 -4.160808220552939751e+00
-3.934275841340419966e+00 4.985674835325710319e+00
-1.978186331689359839e-02 -1.384640121342400054e-01
6.146290525794029930e-02 4.299695022889989948e-01
-1.879857551306489905e+00 -6.668336722380129977e+00
-3.968829255551100221e+00 5.152445239028970114e+00
3.710746655240650060e+00 -3.772437262110469813e+00
-1.156436953693630088e+00 -6.407620989059590322e+00
-3.624050555750729874e+00 3.247705476505890143e+00
2.073082715272899890e+00 6.135388812040229567e+00
1.638977965340020049e+00 6.983735726735839755e+00
1.786861289292570043e-01 1.244157428542850052e+00
-1.073236213997009969e+00 -6.151247849745890228e+00
-1.056832417845730010e+00 -6.095617962232170228e+00
-5.116186253726480171e-01 -3.427124772194159785e+00
-3.369856234639880266e-01 -2.314506346551770122e+00
-3.293093591928479835e+00 1.056454336050139942e+00
7.507079448550939560e-01 4.775096091755130168e+00
3.122801776975390187e+00 1.315283956006449984e-01
-3.916263105347749907e+00 4.896364208118019867e+00
-1.639925830066200074e+00 -6.983280551177149853e+00
3.937364954501390013e+00 -5.000829557870770437e+00
-6.506467331200840309e-01 -4.239907930266929803e+00
3.604970112442969832e+00 -3.128803646822940099e+00
-2.109280887991189957e+00 -6.009407864673089961e+00
-3.436088178306819785e+00 2.031799910816579846e+00
3.092528967186809918e+00 3.433080283537739974e-01
1.890672232955689980e+00 6.644921125820319574e+00
1.491922808811070089e+00 6.978237674083350051e+00
-3.681754903867839879e+00 3.599926038500279812e+00
-1.187058623880149932e+00 -6.490902329614799626e+00
-2.677383814007039953e-01 -1.851857519454489953e+00
1.041054822504519972e+00 6.040564039206770097e+00
6.642447616904969543e-01 4.315252529710259743e+00
3.816791970282789936e+00 -4.375370385691749853e+00
-2.889551492407920197e+00 -1.745668042446000046e+00
1.718038484454150083e+00 6.924256108558259903e+00
-1.044089073315259908e+00 -6.051268883145990429e+00
-3.803328461945060246e-01 -2.598606859454850149e+00
3.912626165896650132e+00 -4.878137853539629809e+00
-1.153907474130390076e+00 -6.400471854797619820e+00
3.305505784228440103e+00 -1.142260884094830065e+00
2.453555436804890189e+00 4.445155178281559927e+00
4.822442997246980112e-01 3.246380853578790138e+00
2.258354410529140210e+00 5.409586591498920072e+00
1.276970697566869983e+00 6.700000431877040086e+00
3.407869637012480024e-01 2.339602317492559980e+00
9.540518671274189622e-01 5.710360066333289630e+00
1.299084052443499893e+00 6.743189364517790274e+00
1.202378179878000053e-01 8.396381815740610044e-01
-1.265484446659679962e+00 -6.676272754922289998e+00
-4.437808245420459818e-01 -3.005499839218369829e+00
-1.974674072116610057e-01 -1.373306107365529938e+00
-2.861645635217429984e+00 -1.934133109264269956e+00
7.443652134388689667e-01 4.742535349787590171e+00
-6.588257625699039943e-01 -4.285321537321370222e+00
-3.065379019826650175e+00 -5.329791166791409962e-01
2.532847100868819812e+00 4.002871630810280301e+00
-3.111228309571739903e+00 -2.125177479535390046e-01
-6.902053896337749794e-01 -4.456869023119070405e+00
2.086589002981780183e+00 6.089314197925009609e+00
1.834887450560930056e+00 6.757311017433430322e+00
1.425790859386319998e+00 6.926535811009199683e+00
7.531361635774369567e-01 4.787510700759979976e+00
2.459992874413730046e+00 4.410253144489139743e+00
3.704193860292429807e+00 -3.733717988237089891e+00
2.502821503207090181e+00 4.173465349490739662e+00
4.595006648451089859e-01 3.104504347878069836e+00
-6.646836027503010280e-01 -4.317670864777530149e+00
1.525642227381470040e+00 6.992865087971829929e+00
1.227422563359140018e+00 6.591369370329780430e+00
-8.943626899272200115e-01 -5.458671913159300004e+00
1.721068222075700094e+00 6.921112869055630057e+00
-3.631787611171600094e+00 3.295585276946570108e+00
-1.022738058120010063e+00 -5.974764827097810205e+00
2.563796097412709862e+00 3.823256566160869951e+00
-7.242003791034220539e-01 -4.637757004621930079e+00
-2.268736513331529814e+00 -5.363172724447699657e+00
3.311963597312570062e+00 -1.186835537310350075e+00
2.517120311036709968e+00 4.092684965453379675e+00
2.574443681165579978e+00 3.760607031507269937e+00
9.863803703337910012e-01 5.838241165103790209e+00
-1.300040021538729995e+00 -6.744982232521709697e+00
-2.874830484390260121e+00 -1.845266618325350105e+00
2.451481310650709844e+00 4.456361357519430300e+00
-7.820641435682769427e-02 -5.468870201024810251e-01
-2.273897789418700133e-01 -1.578046856815600085e+00
3.675726270303130150e+00 -3.563668680677460010e+00
-8.273232430219650269e-01 -5.152855758534889752e+00
-1.939959544688459880e-01 -1.349469946515100105e+00
-1.803637091070410037e+00 -6.811103857313609566e+00
2.859579395502810151e+00 1.948029578788899929e+00
2.649775831028819972e+00 3.305597069613400052e+00
-1.809989841654900067e+00 -6.800705538054610422e+00
2.685670696198939833e+00 3.082031997167979931e+00
-2.634413957595830080e+00 -3.399991207823669814e+00
-1.161735219880940084e+00 -6.422462690514140427e+00
-1.918940210714940031e+00 -6.580052867280929974e+00
2.467090042307969799e+00 4.371562472309279634e+00
-1.006644897162910057e+00 -5.915298439979030043e+00
-2.510467004030940141e-01 -1.738925891962640025e+00
2.830106990411879853e+00 2.145312023252599953e+00
1.054310973733660006e+00 6.086921220586479997e+00
2.035801269114020151e+00 6.256735445430529730e+00
-2.004747318103909937e+00 -6.351181244962360140e+00
1.124054510146379915e+00 6.313016624926019560e+00
-1.844732420518989890e+00 -6.738994873669319929e+00
-3.592959091067310151e+00 3.053368726256330046e+00
-5.710952691733840458e-01 -3.783876831416809861e+00
-2.742657398805020019e+00 -2.719061985285220029e+00
-5.927589274942870468e-01 -3.910559853691580212e+00
-3.990466972813010216e+00 5.253758992732110222e+00
-1.993771728128189924e+00 -6.383101545208999639e+00
-3.266842441633340144e+00 8.744579802509679922e-01
-5.684112329035999611e-01 -3.768056485652290011e+00
3.513107204809780004e+00 -2.541189519367470062e+00
-2.193452613428239939e+00 -5.686325338701689880e+00
6.526467762887480650e-02 4.565284867552890091e-01
5.548215098679070145e-01 3.687541150778700150e+00
-3.721001567319039971e+00 3.832705936480279796e+00
2.968347309157250091e+00 1.206660101870310031e+00
-3.470821175724270180e-01 -2.381087607442149867e+00
1.853661270812150041e+00 6.721818262663539656e+00
1.835125215351580019e+00 6.756876376885800006e+00
-2.903460228815669897e+00 -1.651217163469619997e+00
-3.514235427603130013e+00 2.548546677399550209e+00
-2.753006795421240049e+00 -2.652160579722400158e+00
3.714100699871780153e-01 2.540508031866900218e+00
3.636029193177820140e+00 -3.321750238499579844e+00
2.053201062604780081e+00 6.201173316059580110e+00
-3.824050277471540138e+00 4.414914731156129868e+00
-1.221402948722239978e+00 -6.577063845264570219e+00
-2.090191785246129808e+00 -6.076835840364039676e+00
3.366429377347229801e-01 2.312242329575930011e+00
-7.204325720667840161e-01 -4.617968742994880138e+00
-1.742252660915259987e+00 -6.897361350610459851e+00
-1.379220807924870007e+00 -6.871938259851280151e+00
-3.040568953379990003e+00 -7.059636509160079898e-01
-1.087058875709770028e-01 -7.594434283212619929e-01
3.700922731310130054e+00 -3.714329385835830166e+00
7.192129902541639641e-01 4.611549525733390276e+00
-2.961983103305099729e-01 -2.043203308979470112e+00
-1.002288347110150024e+00 -5.898936258284630085e+00
2.485631909221409919e-01 1.722080935382610090e+00
3.833629840984940085e+00 -4.466749230574079910e+00
-8.457756787538529830e-02 -5.913373776298890272e-01
-2.083242967724800110e+00 -6.100832515809270440e+00
9.164972584694619506e-01 5.554322985826430248e+00
-3.924560759216550121e+00 4.937704693276000256e+00
1.837053315714000101e+00 6.753337650408809623e+00
3.842583000659939851e-01 2.624101390211790008e+00
-1.730444263666869875e-01 -1.205274704532409924e+00
-1.537889005616309923e+00 -6.996210220756889697e+00
-6.595603208988900512e-01 -4.289386147530570348e+00
1.490599574521179971e+00 6.977501745278090084e+00
-2.239048918709159786e+00 -5.494339092126839574e+00
3.857122989371419841e+00 -4.592124442111289895e+00
2.634006587788459974e+00 3.402483551546779950e+00
3.631609981879590165e+00 -3.294488241939809825e+00
-3.085965838283299956e+00 -3.891869217191130104e-01
-1.171151392161849936e+00 -6.448394434348010407e+00
2.818916801363230196e+00 2.219738115806619838e+00
1.912253484129909920e+00 6.595874051613150435e+00
1.153921764343980083e+00 6.400512358670019886e+00
2.531825110316280103e+00 4.008738383505310310e+00
-3.839452270418409974e+00 4.498054102386760178e+00
-2.826724648475649748e-01 -1.952461318551909963e+00
1.701492439955470060e+00 6.940299894129159597e+00
-2.087200354784730205e+00 -6.087202324068069714e+00
-3.730177816003560132e+00 3.886293742437839871e+00
1.464082259684799991e+00 6.960180187753089776e+00
-1.251868221908809975e+00 -6.647004385426280137e+00
-1.428137948736549978e+00 -6.928890775675109914e+00
-2.978354496881370217e+00 -1.137599136803139954e+00
1.892962768673899898e+00 6.639861905891040195e+00
3.873753627762199780e+00 -4.679348655179600414e+00
-1.283555887639520110e+00 -6.713205299355889721e+00
-3.591355923563239738e-01 -2.460255737786079866e+00
-8.379699084907770157e-01 -5.203006030938830406e+00
3.624809710308909860e+00 -3.252412058115449867e+00
1.491000656038520056e+00 6.977726100821169730e+00
7.709036860615019471e-01 4.877486041089939661e+00
3.601335834711790085e+00 -3.106025783913480165e+00
2.068745356053109941e+00 6.149948022309129847e+00
2.026462914422149986e+00 6.285775219451010365e+00
-3.061350181698800021e+00 -5.610947160859649507e-01
-4.623994063585999958e-01 -3.122677747176719976e+00
-2.975484643131490081e+00 -1.157416342569179912e+00
-3.619069494307040058e-01 -2.478408097156799883e+00
-1.037394404411319943e-01 -7.248742814940090096e-01
-2.724516158923509845e+00 -2.835625057549609807e+00
6.956692542880770214e-01 4.486295235180100427e+00
-1.485833756625650093e+00 -6.974749960571550389e+00
3.325468307361009845e+00 -1.279888797781689957e+00
3.661357939243320203e+00 -3.476735041830549822e+00
2.254584521055219781e+00 5.426296085589900287e+00
3.523738274350760147e+00 -2.610385233437699792e+00
-1.082631776109340027e+00 -6.182366272985939659e+00
-3.191532047465440058e+00 3.494304715751530011e-01
-2.391355071216819894e+00 -4.772688040132329945e+00
6.121521703898910038e-01 4.022411079532269618e+00
3.160362873226400193e+00 -1.313838222560310132e-01
4.374546352773899804e-01 2.965446153470590041e+00
-3.110916605219240072e+00 -2.146986622761880015e-01
2.164983691647650144e+00 5.800226001213490079e+00
2.049626810476179894e+00 6.212740620351000054e+00
-3.090485855937000204e-01 -2.129067042439659829e+00
-3.204433413222429916e+00 4.395958595882170084e-01
1.965089738368990036e+00 6.462877644593659987e+00
2.285502674058080164e+00 5.287000127506510161e+00
3.775005085393789983e+00 -4.143290628104580264e+00
3.688838349655270132e+00 -3.642359963571269788e+00
-2.529203807935120007e+00 -4.023766854007430283e+00
-3.733267504721879959e-01 -2.553005319447689825e+00
-3.171202840283509961e+00 2.072410202095880116e-01
-1.913145143538709902e+00 -6.593781359363820371e+00
-3.480573600158099801e+00 2.327683412402600016e+00
-3.134571764618160117e+00 -4.914581904261289963e-02
-7.949237525463100085e-02 -5.558607773756429893e-01
1.690858062356709879e-01 1.177968841330989891e+00
2.991599302738900068e+00 1.046020905887729890e+00
-1.791602618992329976e+00 -6.830048227018910012e+00
9.022371917963030175e-01 5.493009262324839881e+00
3.402529098093510229e-01 2.336078593628620137e+00
-2.675832711160179844e+00 -3.143713473793059876e+00
1.902379224076869990e+00 6.618697622104500411e+00
1.388439903035759926e+00 6.883933644901330418e+00
-3.222084354609250134e+00 5.628336889288819700e-01
2.202377837151289874e+00 5.649663317588950129e+00
3.954158212989570043e+00 -5.082376165672179980e+00
2.832799820229409793e+00 2.127361523936500021e+00
1.881474446505309928e+00 6.664885392646730189e+00
-2.262051887810229811e+00 -5.393123372191439557e+00
1.298541136085989978e+00 6.742168410634880260e+00
-2.879171600565309852e+00 -1.815936342833909922e+00
-1.737180802971119986e+00 -6.903330046265319986e+00
1.652015209198000045e+00 6.976924914758799723e+00
-6.836293134838340446e-01 -4.421276522431780265e+00
1.705107707530260086e-01 1.187800143949689913e+00
-3.664644012227650016e+00 3.496680936792019967e+00
2.803739845752720061e+00 2.320234346549340021e+00
-1.942266028374429965e+00 -6.522564104713100441e+00
1.315591540187600050e-01 9.182598749589689913e-01
3.081061212345959976e+00 4.234613804624239863e-01
-2.723003979772329886e-01 -1.882634499238180048e+00
9.051677212119099702e-02 6.327525244625259448e-01
1.356828367337580055e+00 6.840372399496829736e+00
2.512746863067150116e-01 1.740471721256519944e+00
8.109258078038690254e-01 5.074476448358899994e+00
3.133709857240320140e+00 5.517900298562859740e-02
2.354738568887110084e+00 4.956948662548650297e+00
-1.879738148301840051e+00 -6.668590901909359658e+00
3.041972329840060052e+00 6.961894100681249586e-01
-6.252403985708949730e-01 -4.097045472847219649e+00
-9.854686651378870010e-01 -5.834717745997670235e+00
3.771504534408450127e+00 -4.123514870527319687e+00
-2.622199231758710170e+00 -3.474475524077210054e+00
-7.389547377824779995e-01 -4.714609550917360004e+00
1.666322577744719924e+00 6.968085853657639994e+00
3.928274551406500059e+00 -4.956097549225149557e+00
1.082940615713599897e+00 6.183379910695490089e+00
6.619178932160140194e-01 4.302415909177080167e+00
9.204367920756340027e-02 6.433963758523629783e-01
-6.476342007517810195e-01 -4.223109375979070101e+00
6.104147005826230377e-01 4.012451235389759674e+00
2.999059099704029840e+00 9.943600078243379770e-01
-1.100786300376060067e+00 -6.240946231260520172e+00
4.049337748438119888e-01 2.757705242648869959e+00
-2.469502504914999896e+00 -4.358360532420840094e+00
9.441429860889910541e-01 5.669962524867830034e+00
-3.706365121528509832e+00 3.746565418177290052e+00
-7.794132623821500294e-01 -4.920035249168940084e+00
3.943552128970619908e+00 -5.031039247576459594e+00
-2.498471045866609952e+00 -4.197874491614229875e+00
1.064442878589030084e+00 6.121632053125409811e+00
1.962734738364819931e+00 6.469192527363089695e+00
-3.448539225384589901e+00 2.115045356792140119e+00
-8.680099863559009865e-01 -5.341309475709260290e+00
1.017169475555419922e+00 5.954362472257690442e+00
-2.278668094426389956e+00 -5.318231878556719749e+00
-9.527703989297150455e-01 -5.705167127881379585e+00
-2.278623338788750008e+00 -5.318435579780709688e+00
-3.967144476249810037e+00 5.144454794495760375e+00
-3.226930055767299965e+00 5.966370340663019745e-01
2.127206362783909954e-01 1.477839940194249913e+00
-1.777845460921529952e+00 -6.850492550183360230e+00
-1.618215374648569904e+00 -6.992131493222860428e+00
2.290252413600680104e+00 5.265149861570690426e+00
1.420565083622929992e+00 6.921155464664749957e+00
-2.256074650213120147e+00 -5.419700505689809766e+00
-2.730492819100620139e+00 -2.797324374646819933e+00
2.924006512388590107e+00 1.511113176602409958e+00
-8.934470787644389622e-01 -5.454657315418770303e+00
-2.886370869353410029e+00 -1.767220104257799962e+00
2.175275858491660053e+00 5.759586061943889668e+00
2.073334416374560174e+00 6.134540381099109929e+00
-1.346586458384990137e-01 -9.397643841562419720e-01
-8.130358718335629897e-02 -5.684983054011859549e-01
-3.136904958635569951e+00 -3.281374450174710106e-02
-1.835641020908949983e+00 -6.755932157051829812e+00
-3.038102971389890161e+00 -7.231353503124450244e-01
1.102491132915019989e-01 7.701813357245319569e-01
6.696503795683379778e-02 4.684050030943610055e-01
-2.954434467479590154e+00 -1.302472239982650049e+00
-3.393142957240339985e+00 1.742340388648009997e+00
-1.535043565556410083e+00 -6.995526566771379962e+00
-1.833775844424960111e+00 -6.759337995609929983e+00
9.599464815109970406e-01 5.734126112433390432e+00
1.586092758923770107e+00 6.999181083042199880e+00
-1.429372452199459964e+00 -6.930114104149179610e+00
1.922674883157009962e+00 6.571088320006269967e+00
-3.256593436002729991e+00 8.032322594699240481e-01
-2.849463650956749916e+00 -2.015941754658800100e+00
5.369557291269300148e-01 3.580657610125749901e+00
-1.090058442205189992e+00 -6.206577591200329813e+00
-1.806667027994989905e+00 -6.806178652348569891e+00
-2.781227065250280184e+00 -2.468314538841330119e+00
-3.663135610520840135e+00 3.487529874258239904e+00
3.461448632180689877e+00 -2.201008929921989932e+00
5.252347476780410140e-01 3.509912865535589788e+00
2.058633273467420199e+00 6.183441478068029795e+00
1.205744631588459986e-01 8.419776364275129987e-01
1.940313057973980015e+00 6.527513959335039750e+00
3.525281976908449799e-01 2.416901402896530104e+00
3.242476653307679868e+00 -7.049907264818839892e-01
1.529662651941180007e+00 6.994078907709989856e+00
-3.426959551870819798e+00 1.970566714019480026e+00
-6.337329950183629990e-01 -4.145099060650560219e+00
-3.810490854084489953e+00 4.340853971726129856e+00
2.655420502647760195e+00 3.270715080609170045e+00
1.346589148044589956e+00 6.824794789079949631e+00
-6.577831860631699890e-01 -4.279548567774179801e+00
8.446947317570450142e-01 5.234379228711640408e+00
-3.129407415166499895e+00 -8.529455817000429485e-02
3.043524550274010032e+00 6.853769040617160302e-01
-2.679792862385510066e+00 -3.118920661287079898e+00
-2.746905189007519787e+00 -2.691637906316910023e+00
-1.352017370983960021e+00 -6.833142328397030063e+00
3.226898303255440137e+00 -5.964155750202639883e-01
3.014174643903970163e-01 2.078118453472090010e+00
3.358784461393950149e+00 -1.508417810262780101e+00
-1.505042025819419926e+00 -6.984872753222200359e+00
8.698798585683109597e-01 5.349760227874769569e+00
2.493756674230100057e+00 4.224235737891289588e+00
4.265119004994630258e-01 2.895883969186829887e+00
-1.686722101643679972e+00 -6.953016903226229672e+00
1.037963390350340021e+00 6.029600264554430211e+00
3.029392169788479805e+00 7.837565230922229897e-01
-2.766381593421099794e+00 -2.565282398155249943e+00
-1.452043294906619986e+00 -6.950699988726549705e+00
-2.372663186863059881e+00 -4.867564048306429747e+00
-3.633350666612389812e+00 3.305234189372880049e+00
-6.043832395225759990e-01 -3.977782769295670207e+00
-6.935567352920769535e-01 -4.474933877042380104e+00
-1.436591558158399895e-01 -1.002158688861529923e+00
2.411436669528479904e+00 4.668901035540529598e+00
-1.737196683883670101e+00 -6.903311634257120133e+00
3.879655839875340018e+00 -4.709994602461009983e+00
3.227207077667119783e+00 -5.985691078160569889e-01
1.202092003077269933e+00 6.529565696001039754e+00
2.196732336655260021e+00 5.672905752641479893e+00
-3.428545203059909952e+00 1.981214907048659990e+00
-2.209759991616010222e+00 -5.618999551875160314e+00
-1.185616726055739978e+00 -6.487116769191720422e+00
3.498512713238600025e+00 -2.445730424196080222e+00
2.279452450573439926e+00 5.314660223810910189e+00
-3.945331929251549852e+00 5.039693737218850167e+00
1.054801402613519956e+00 6.088615797651420358e+00
-2.741637706756590021e+00 -2.725637916391959958e+00
-9.282428976148370259e-01 -5.603977739109340384e+00
3.754851289093489974e+00 -4.028747435666150345e+00
2.024880796670910144e+00 6.290640948549230060e+00
2.033979216590520167e+00 6.262444462099510112e+00
-3.207665365189309892e+00 4.621725328622520168e-01
3.120623305439949924e+00 1.467746800275210040e-01
-4.566110484302039751e-02 -3.195166782244139858e-01
-1.564177675172689908e+00 -6.999846677637170167e+00
-7.017350960522890091e-01 -4.518806540530709626e+00
-1.506382383406160042e+00 -6.985482974131929979e+00
1.145772475749250008e+00 6.377202288891820281e+00
3.139352355152369878e+00 1.568207594407310113e-02
3.336457064375280002e+00 -1.355434595891410021e+00
1.230133458971979898e+00 6.597733803930839969e+00
3.055820474401119924e+00 5.996693415009149986e-01
-4.237040411680940144e-01 -2.877978369934440117e+00
2.834917971864340025e+00 2.113231003996660196e+00
-3.803090523928399858e+00 4.300096287641859583e+00
-8.328584935516120114e-01 -5.179002371759650281e+00
1.046188788488509935e+00 6.058644073169070055e+00
-4.032007139176129740e-01 -2.746550767153129957e+00
-3.217184543609620251e-01 -2.213381191603430054e+00
3.248384892940519908e+00 -7.461255777709560055e-01
1.386659851297739943e+00 6.881663085319019935e+00
3.116314528509970039e+00 1.769280318019690046e-01
3.104441523551940030e+00 2.599980921250970023e-01
-2.634838119149209845e+00 -3.397395530332790070e+00
1.333641262725000054e+00 6.804072042916310181e+00
2.191595248877999946e-01 1.521865300064819904e+00
2.520651960745449838e+00 4.072603590894069647e+00
1.896621903404589915e+00 6.631707527420919845e+00
3.469572164118289948e+00 -2.254916297675559900e+00
3.046112919226290128e+00 6.673431022341660412e-01
-1.685182839632030083e+00 -6.954254950929009915e+00
-2.846781479194759878e+00 -2.033914233387250192e+00
-2.370049491524699903e+00 -4.880695832801340117e+00
1.395011104643339994e+00 6.892126652420020427e+00
-1.745506642386319918e+00 -6.893438537995939974e+00
-3.635548004880550188e+00 3.318784938436790011e+00
-1.874506505206229967e+00 -6.679634385563399945e+00
2.363376162946220216e+00 4.914072662754549903e+00
2.083196289837359938e+00 6.100992715959420387e+00
3.995236223563550126e+00 -5.275760754241850314e+00
-2.231176497414709914e+00 -5.528313597804750401e+00
-2.121442593634129903e+00 -5.965305840386410097e+00
-1.489259423688050088e+00 -6.976743955660349883e+00
-3.309776853770019844e+00 1.171747125502579978e+00
-3.582411073148250136e+00 2.986758521534849997e+00
-2.716199260205029997e+00 -2.888754025079609988e+00
-3.251240106299519983e+00 7.659951424530859754e-01
3.395831894129509809e+00 -1.760564236932840032e+00
-2.367232933640480042e+00 -4.894809516902720148e+00
2.862621722742920038e+00 1.927565569332650108e+00
-2.686310200020670003e+00 -3.078012093140160221e+00
3.739755954593420029e+00 -3.941879401262080140e+00
2.276602132245900023e+00 5.327623807524079602e+00
1.178776124492290078e+00 6.468973808438989614e+00
2.900415180251000091e+00 1.671923301654099969e+00
-1.363620692864059958e+00 -6.850310460799460266e+00
-3.949593728408220095e+00 5.060352307432640195e+00
-3.661114569753410208e+00 3.475256335266379892e+00
-1.038281612098219897e+00 -6.030731501395440119e+00
-3.814844062551860038e+00 4.364718574382369987e+00
2.096226658672089904e+00 6.055757215015820094e+00
-1.576760677620770101e+00 -6.999875493186389797e+00
2.162672594189639863e+00 5.809267345370099811e+00
2.417905736714600184e+00 4.635064205107710222e+00
-3.038548098877070114e+00 -7.200360572591050223e-01
-2.031298125162719792e+00 -6.270807285999730141e+00
-8.866374157369140141e-01 -5.424656351654710384e+00
-2.051044218242170203e+00 -6.208162970935219960e+00
2.153551289811729941e+00 5.844647842934880266e+00
1.560841955244540058e+00 6.999653189568419975e+00
-2.780442018061879850e+00 -2.473456131820869874e+00
-8.227843735367059708e-01 -5.131297862318049852e+00
-5.805737543851140492e-01 -3.839526394730569780e+00
3.350858785212039948e+00 -1.454194684707609930e+00
3.581815520301459888e+00 -2.982987654599909888e+00
-1.527133602648970134e-01 -1.064843298609069899e+00
3.959491521120070079e+00 -5.107975458153489967e+00
-2.789294628426429945e+00 -2.415389215959120151e+00
-2.599578797817229781e+00 -3.611035746473569841e+00
-3.618320120498539794e+00 3.212117914477139902e+00
3.560280827805399895e+00 -2.845936022531109888e+00
1.813620312139389901e+00 6.794639836985860271e+00
1.407120009884240019e+00 6.906444364021229632e+00
1.681459210813049943e+00 6.957181765108050087e+00
2.675207823514940131e+00 3.147621134373050023e+00
-2.102162420749659866e+00 -6.034809617183079844e+00
2.581739133223889926e+00 3.717434606228259941e+00
2.758676994591950038e+00 2.615385908579479946e+00
3.885127075016499898e+00 -4.738256275532520156e+00
2.884297650307420247e-01 1.991130436074580068e+00
2.567610591650010043e+00 3.800861843005419960e+00
-1.709717210382220021e+00 -6.932562020295369720e+00
-3.002063291147349933e+00 -9.735394645840429462e-01
3.218392360955479869e+00 -5.370696311277759483e-01
2.383223498240110150e+00 4.814169041904880153e+00
-3.849854262545699957e+00 4.553601200893080403e+00
-2.907678423449400196e+00 -1.622508451978369903e+00
-1.538239913061260067e+00 -6.996290607392490202e+00
2.718142118304970101e+00 2.876360654854409837e+00
-3.360216701403259787e+00 1.518206400860520056e+00
1.972544033080340098e+00 6.442652991496870207e+00
3.112171942368150201e+00 2.059152695883250117e-01
1.199881270527840105e+00 6.523972397971509629e+00
-1.054170131683350026e-01 -7.365531333885030341e-01
5.555461980402469635e-01 3.691852048730989821e+00
-1.785159420222039994e+00 -6.839784548952880350e+00
3.739186964929099855e+00 -3.938587386247470068e+00
2.899196317419410196e+00 1.680207158192799977e+00
1.606824699789290101e+00 6.995457338600780339e+00
2.391398765146730110e+00 4.772464292579940093e+00
-3.339978033676739955e+00 1.379606462533369937e+00
-1.093907466158269948e+00 -6.218991009979840001e+00
1.811191106215120028e+00 6.798708413402679618e+00
-2.244619632139800203e+00 -5.470092066655659835e+00
-2.264857897534970022e+00 -5.380580239614530136e+00
-2.902051059529190180e+00 -1.660801340596719911e+00
-7.639177460223439686e-01 -4.842291119504460006e+00
-2.823613403365019980e+00 -2.188534266861959843e+00
6.794924587011339501e-01 4.398788049458669747e+00
1.393494740128520037e+00 6.890262442667480336e+00
-3.995001813396810153e+00 5.274682160795429731e+00
2.422498183324929943e+00 4.610925334954890431e+00
-3.246026262640949733e-01 -2.232525324029389857e+00
3.389593705534930113e+00 -1.718266624593969949e+00
-2.657676674425599739e-01 -1.838550426968069917e+00
-1.076365843415260093e+00 -6.161673738735309769e+00
-2.864744737744330028e+00 -1.913274671549759942e+00
-2.903151351958510151e+00 -1.653318207585009914e+00
-2.200117366388440132e+00 -5.658991296003899940e+00
1.136910555884240059e+00 6.351373188912379675e+00
-1.804930843412879904e+00 -6.809008491638990357e+00
-2.384038329124449795e+00 -4.810026709934740019e+00
6.838668249547480427e-01 4.422565372136300077e+00
-1.734938422217970011e+00 -6.905912336074700342e+00
2.390652889385819879e+00 4.776282517528329663e+00
-1.285499358549710092e+00 -6.717046808551449644e+00
-3.646823456510900119e+00 3.388065941827949956e+00
4.020723719149830178e-01 2.739283999593479901e+00
-2.682209853082900275e-01 -1.855115170447009909e+00
-3.177082845941189948e+00 2.483791976382639932e-01
6.996909361332650512e-01 4.507868899727349721e+00
-2.517628464847800007e+00 -4.089798681393600255e+00
-1.969433628022670080e+00 -6.451135589881990207e+00
-2.608129465952520043e+00 -3.559628564906310189e+00
3.327890664339069993e+00 -1.296555680206270100e+00
-1.441435063257809901e+00 -6.941511454444469820e+00
2.250436507165429895e-02 1.575172590399200045e-01
-3.618690980598330054e+00 3.214424261447700104e+00
-2.626412048935890198e+00 -3.448844139428790090e+00
-3.277423325926069886e+00 9.478936516120950451e-01
-1.454551938921210041e+00 -6.952758580789599741e+00
-3.839407926425340012e+00 4.497816257398920214e+00
3.158969618380069733e-02 2.210910975426129965e-01
1.857081644237039919e+00 6.715096384364970028e+00
-1.309350352734329981e+00 -6.762120653195800024e+00
-2.225696522742509842e+00 -5.551761044990139560e+00
3.217454226687550101e+00 -5.305218129053730358e-01
6.715107653290030010e-01 4.355186139571899595e+00
3.094900572672489858e+00 3.267258176465829833e-01
-3.895671762526040194e+00 4.792324035939570237e+00
6.099613513797520481e-01 4.009850469853620147e+00
-3.839805595576760044e+00 4.499948893487590418e+00
-3.817162532359359872e+00 4.377394864842529820e+00
-2.575889483094219834e+00 -3.752067013653889838e+00
4.114801157265899900e-01 2.799764350716840156e+00
-1.376634245738389994e+00 -6.868467800460510198e+00
2.764448983594780085e+00 2.577864710805669812e+00
-3.386470677331089973e+00 1.697065924841949958e+00
-1.924586638808249983e+00 -6.566463949890740004e+00
6.540007982403039932e-01 4.258565671377190220e+00
-3.795786412432789803e+00 4.259637602746919605e+00
-2.979746798053379830e+00 -1.127981491791800073e+00
-3.776059424504639939e+00 4.149236996813409739e+00
2.271571829915049801e+00 5.350396551626530162e+00
-8.800445180386300414e-01 -5.395370699981249629e+00
-1.576899003237490104e+00 -6.999869651095379730e+00
-9.884440544992689759e-01 -5.846198648009499621e+00
1.706232005730270007e+00 6.935898192989239597e+00
6.034853588789700352e-01 3.972609401788210093e+00
-1.590859804302449998e+00 -6.998591146307379773e+00
-2.150705743581060148e+00 -5.855586017769979890e+00
-8.364091273397209481e-01 -5.195690851841879621e+00
3.911707289516929809e+00 -4.873522726858039888e+00
5.091574676334860161e-01 3.412092307439070105e+00
-2.269961683079599890e+00 -5.357657291419680057e+00
-1.833476539701220043e+00 -6.759882341080870383e+00
3.590602004900569799e+00 -3.038513058568450109e+00
2.345793342217799893e+00 5.000961856865240307e+00
3.838575338944790083e+00 -4.493348920686310422e+00
-3.348267519846559903e+00 1.436446688764670077e+00
5.765897650271649688e-01 3.816177550248530004e+00
1.764770187437529891e+00 6.868721891356109666e+00
-1.087265081703659986e+00 -6.197511183152980330e+00
2.852775735780599842e+00 1.993728407891200094e+00
-2.641847599297760141e+00 -3.354412509828789801e+00
9.434089865535499886e-01 5.666947884986000439e+00
-1.184890892356629921e+00 -6.485206060505480430e+00
3.225868482142689952e+00 -5.892327255627020088e-01
1.475891783833499948e+00 6.968499601029120250e+00
-3.603692514821890125e+00 3.120800988958539968e+00
2.931742105633019957e+00 1.458196101600190087e+00
4.875838700681919824e-01 3.279448800137350073e+00
-1.018324844539169938e+00 -5.958610752211190409e+00
1.509768960997460052e+00 6.986968857303120117e+00
1.016885604709389934e+00 5.953317465485800319e+00
3.315505495294929883e+00 -1.211262369024370011e+00
1.183147834613919924e+00 6.480603625173579907e+00
-9.109573066234590011e-02 -6.367885368054320150e-01
3.186886649578810182e+00 -3.169495732034440239e-01
3.942772485315800268e-01 2.688986938666150017e+00
-2.811250299215319881e+00 -2.270568237933180189e+00
7.295500561594959743e-01 4.665739966152139928e+00
-7.418456804007289573e-01 -4.729548175148750033e+00
-3.302245585247869819e+00 1.119739351886650081e+00
-3.557584589347240200e+00 2.828682279364580054e+00
2.558757342398170209e+00 3.852753539243659819e+00
-1.210244050249460024e+00 -6.549914897137999681e+00
1.235206132754679942e+00 6.609512752895470022e+00
-8.382389228790999569e-01 -5.204265586462369697e+00
-1.658275201916689923e-01 -1.155479890352580030e+00
-6.980310510843990013e-01 -4.498973529940630378e+00
9.860910680145029694e-01 5.837123639135709752e+00
3.551848791539669731e-02 2.485771417606839895e-01
-2.760706193745139814e+00 -2.602204832339450213e+00
2.498438628390430072e+00 4.198056078932319579e+00
-1.347624067217110033e+00 -6.826401814002370116e+00
2.255751317366959885e+00 5.421132657904750296e+00
1.273842593654989974e+00 6.693626019575500408e+00
-1.735981231555340010e+00 -6.904715772121280182e+00
-3.857873504981399915e+00 4.596088286055389993e+00
-5.109600313007830463e-01 -3.423104186826820161e+00
3.073068859055640090e+00 4.792912699696569856e-01
1.320921557024119952e+00 6.782603775972879667e+00
-1.022095518186689977e+00 -5.972420111907659646e+00
-1.424500994384289898e+00 -6.925225370409360259e+00
-2.216949464753270149e+00 -5.588841797450509574e+00
