-1.44857,1.095891
0.76472753,0.35370007
0.08289872,1.2976052
1.1162261,-0.4929922
-0.97072756,-0.36820364
-0.5979357,-1.092702
-1.205629,0.3352106
-1.058074,-1.1453345
-1.5075961,1.095602
0.31218883,0.13155292
1.263312,1.1144476
-0.99885845,-0.35973343
-1.646532,-0.25470415
-1.1278793,0.10563356
0.0004890379,-0.45448226
0.24222355,0.22187902
-1.0861348,0.013908609
-0.65786475,-1.0538739
-0.7300642,-1.0195575
0.20561212,1.3956493
-0.59232485,-0.9897206
0.63056576,1.2309366
0.18065746,0.06807033
1.4772272,0.46149293
-0.9126838,-1.1954751
-1.7186135,1.841548
-1.1965337,0.09219748
-1.2820139,-1.2363117
1.2430937,1.0340714
0.55466026,1.360869
1.4933939,0.6810104
-1.2292769,0.35580984
1.4278543,-1.052016
0.66750264,1.3001631
-1.1470106,0.22410186
1.7053493,-0.39626178
-0.22133932,0.921308
-0.035497334,1.1562624
1.373733,0.83741117
-1.2070264,-1.2850515
-1.0979831,-0.03530614
-1.4876035,0.7826221
-1.6322092,-0.40891758
0.9289743,1.1956376
-0.55805904,-1.1606276
-1.6143006,1.6179818
0.03644709,1.2639136
0.97421074,-0.097669765
0.8226545,1.4265281
-0.47384402,-0.08123855
0.89868426,1.3138232
-0.96674883,-1.277105
1.0727248,-0.46085277
1.4685404,0.64517194
0.01419206,-0.36391065
1.0397255,-0.23858291
0.36493474,0.44471037
-0.37110016,-1.146444
-0.5425447,-1.1103853
-0.11201735,-0.8472107
0.4490632,1.2833089
0.75795853,1.3475276
-0.97962445,-1.4400858
-1.3808866,-1.0673687
-0.10034239,0.99891174
1.2204996,-0.7550189
-0.9349262,-1.2417346
-0.6144578,-0.79013586
1.1339371,1.26452
-1.1160452,-1.3949388
1.189119,-0.8598443
1.1365007,1.2197633
-0.15160595,0.86442035
-1.6516752,-0.26282412
-1.3516237,0.8408608
1.6860043,-0.34379014
1.0502365,-0.43232983
0.8284699,0.15163119
-0.07310476,-0.83469266
-1.6191621,1.4809746
-0.7253118,-0.9571474
-0.96293044,-0.44287017
1.6142856,0.23051219
-1.4140716,0.8931385
-1.6178474,-0.6597564
1.2046949,-0.7486691
-1.2733794,-1.4325758
0.97769165,1.3300275
1.6271619,-1.5591046
0.35708496,1.399375
0.8512822,1.711104
-1.2769514,-1.2424341
1.2170994,-0.53650564
-0.43659177,0.35212186
-0.30476236,-1.3027976
1.1825649,1.2859806
-0.7972548,-0.954878
-0.031276558,-0.22373195
0.6066736,0.972433
1.1139522,-0.29565737
-1.6651978,-0.5274377
-1.1551421,-1.1255765
-0.17510636,-1.0331523
0.9711132,-0.22325093
1.738947,-0.62644094
0.016360866,1.1988909
-0.5991901,-0.2668051
0.4856019,1.2064083
-0.39787355,0.122818165
0.54165405,1.0672382
0.10741572,-0.3581481
0.7421024,0.72598004
0.20438868,-0.046997372
1.0003778,1.5832394
-1.215563,-1.3952314
0.91687775,0.3386424
0.8062459,0.47981188
0.5140897,1.424262
-0.9241818,-1.1686186
-0.90392345,-1.3049269
1.014044,1.6086818
-0.9314869,-1.0802914
-0.4133143,0.27827147
-1.6599834,1.2842531
0.6220969,1.0693662
-1.6446369,1.337388
1.1228967,-0.5331623
-0.5591497,-0.19030379
0.44131005,0.74552923
1.2707334,1.333231
-0.9457121,-0.33677644
-0.52130055,-1.2608687
-1.1955248,-1.205757
-1.3344119,0.48457405
-0.782436,-0.9365032
-0.49358788,-0.024065664
1.2364745,1.2909774
0.07864145,-0.6855265
1.086862,-0.23420006
-0.8027423,-0.95537573
0.7668444,0.43630004
1.0263021,-0.111799575
-0.70809966,-0.7732432
-1.1405025,-1.5712477
-0.51487625,-0.6311916
0.87052375,1.3787658
1.4063977,0.79277134
-1.156757,-1.4330357
-1.2682096,-1.3786709
1.2655346,-0.8402612
-0.21900412,0.84298444
-0.8705477,-0.93678176
-0.13297313,-0.91449636
-1.3509827,0.68847215
0.37425035,0.3239611
-0.9999175,-1.2463393
-1.4377736,0.9889033
-1.3201746,0.76079434
0.11991663,1.2799888
-1.5044353,-0.9031176
0.9313601,1.7198856
-0.020623894,-0.8849359
0.93256253,1.5660852
-0.97661686,-1.3759972
-0.14823584,-1.2587621
1.0385705,-0.41384733
-1.2765659,-1.3431085
1.3709837,0.78434765
1.0577694,-0.16960979
-0.95819056,-1.0584764
0.7680275,1.4302858
0.0061280313,1.180843
0.6378305,0.89378095
1.1634061,-0.70708865
-1.4729967,-0.8020525
-0.9589674,-1.2695929
0.10790291,-0.24383162
-0.8310631,-0.7265526
1.09569,-0.46640235
-0.9259345,-0.6138044
1.470043,0.40926132
1.4345742,-1.357093
-0.19210042,0.8045399
-0.13948241,-1.1628413
-0.32432255,0.43568486
0.5280664,0.8992674
-0.48243758,-1.4873539
0.8979935,0.41591564
0.704243,1.4448555
-0.04759812,1.031141
-0.24453455,0.6179964
1.5942045,0.20262349
-0.32649326,0.65306914
-1.1900415,-1.1849581
1.1891,-0.70370686
0.96704906,0.03112668
0.2997839,0.21061957
1.4132895,-1.2133266
-1.1297978,0.008695554
0.34897956,1.6027361
-0.20227827,-1.2531985
-0.49569884,-1.205565
-1.511833,-0.9642133
0.05219747,1.4325567
0.20106314,-0.002114623
0.9041889,1.7398361
0.6020618,1.136621
-1.715198,-0.34774518
-0.8597663,-0.74744165
-0.34244075,0.19426958
-1.3303593,-1.0907073
1.2697471,0.857765
-0.27684638,0.6128483
-0.7915941,-0.726085
0.5131195,1.3335943
-1.1077399,-0.053753145
0.75272816,1.0718244
0.050678506,-0.64121574
-0.3102018,-1.4411447
-1.0540655,-0.11183895
-1.5345109,-0.8619637
-0.60379577,-1.2218063
1.3263073,0.5900847
-1.4929984,0.86458045
-0.4561173,-0.31658757
1.1314151,-0.5589853
0.77339303,1.3927923
-0.716565,-0.985909
1.0036422,-0.3784293
-0.91073436,-0.44355944
-1.5223069,1.4020983
-0.23054065,0.38865513
1.1904932,1.3940401
0.67836356,0.75092226
-0.1499635,-0.91783696
1.1212761,-0.6870823
-0.18825263,-1.1953835
1.0676227,1.572348
-1.2955507,0.41828176
1.6290169,0.2244246
-1.5410775,-0.5769522
-1.0853143,-1.3884676
1.6555651,-0.04202409
-0.3926414,-1.618546
-0.85944057,-1.0116485
-0.25830266,0.56020844
0.50487953,0.70887226
-0.71735495,-0.8353741
-1.1863965,-1.5731219
1.4072313,-1.2870446
-1.3687443,1.0276105
1.6302491,-1.2462171
1.699934,-1.2642115
-1.4938042,-0.6072727
-0.003908913,1.4512774
0.23878157,1.503374
-1.4328663,0.87783974
1.1459206,-0.57891834
-0.8697963,-0.900534
-0.9534934,-0.6149777
0.9987519,-0.07737279
1.1481665,1.2323025
-1.303164,0.8540298
0.5102625,1.1133747
1.7212214,-0.10673068
0.7057847,0.8308713
-0.36375132,0.2583963
1.2881134,1.1424046
0.5818515,0.91311395
-0.8807053,-1.3497828
-0.91277045,-0.8674203
-0.13574962,-1.2628027
-0.61550367,-0.4563867
-1.351602,0.9805939
0.8012838,0.6954477
0.8060178,1.5247332
-1.0109645,-0.4516794
-0.36572945,-1.195922
1.4721651,-1.2988666
0.07003721,1.259027
0.04977119,1.1927843
-0.09890377,1.0857456
-1.1451099,0.13121147
1.1457725,-0.58167994
-0.6138451,-1.2293175
0.2955959,0.06368214
1.700022,-1.069831
-1.0144932,-1.1731012
-0.507822,-0.072047316
1.1984085,-0.71141946
1.2843632,-0.95702106
0.1686242,-0.269912
0.03763826,-0.49831912
1.222844,1.2611762
-0.7217782,-0.9090771
-1.1021717,-1.4131573
0.027810354,-0.67449456
-1.154917,-1.2442423
1.3469844,0.7337544
-0.8539689,-0.8355756
-0.5577527,-1.1693788
0.6136489,1.037183
-1.2853726,-1.3008538
-0.38323152,-1.3231436
1.3773708,1.0397974
-1.3621473,0.82010347
0.33395296,1.2749454
0.8035819,1.425647
-1.7099335,1.3367176
1.5968704,-0.0258604
-0.2960999,-1.3292403
0.6997499,1.3965884
-0.30285487,0.25988865
-1.1103077,-0.1732753
-0.111836955,0.84684056
-0.75936997,-0.8267941
0.46983054,0.7746563
-0.0966365,-0.91216934
-0.9451819,-1.2179161
-0.94608724,-1.1769218
0.063540995,1.2231163
-1.4342618,0.98411113
-0.22209269,-1.1183099
-1.5575867,1.2911946
-1.0721846,-1.50298
0.5788453,1.1314512
-1.1181468,0.14024688
0.873418,1.4784563
-0.6079838,-0.4630893
0.3908036,1.4432117
1.0661108,1.2095731
0.284723,1.242276
-1.0915978,-1.196539
-1.3075246,0.5140508
0.034897644,-0.4937743
0.014923512,1.0170193
-0.094990745,-0.72121066
1.463585,-1.3741448
-1.6019633,1.4180368
0.062233627,1.1246119
0.99087775,-0.07467081
0.90468967,1.56735
0.5963731,1.1732508
-0.50976604,-1.360239
-1.131344,-1.1591219
-0.75061125,-1.0782903
-1.6455814,1.3369809
-1.0453974,-1.5424913
-1.511163,-0.827321
-1.4577577,0.928066
0.09575566,-0.368614
-1.4993087,-0.83878845
0.693037,0.7188003
-1.4749382,1.0666343
0.78565913,1.7163315
-1.3264873,0.62085295
0.89319724,0.06891531
0.11321442,1.1757741
-0.80692273,-0.6619703
-0.009651523,1.2568258
0.276508,1.7876811
1.0844501,-0.41620213
-0.6391887,-1.1327302
1.1783333,-1.0169365
0.9593081,-0.1419649
1.3270915,-0.7991401
0.69731385,0.79086834
0.69875044,1.435288
-0.420707,-1.2558383
-0.7595726,-0.715998
1.4379189,-1.3923525
1.5157037,-1.1828362
1.6923792,-1.3298999
0.16229524,-0.11299901
1.0031707,0.25786918
1.6957011,-1.4251574
-1.5288107,-0.5455701
-0.37212455,0.46260276
1.2518163,1.117271
1.5932926,-1.3611405
-0.4187535,0.12118713
1.3888872,0.5512855
-1.0604317,-0.23125389
-0.22434483,0.6706426
1.0714469,1.366587
-0.5621866,-1.0927861
-1.516662,-0.8933883
-0.1133131,-0.8689502
-0.88282,-0.69311166
-1.0113764,-0.3786362
-1.1566046,-1.2371142
-0.035883196,-0.47523537
1.3940674,-1.4163449
-0.6750182,-1.2516168
1.7090064,0.043257445
0.23827274,0.08310305
1.0470201,1.3826923
0.22072561,1.4760144
-0.6384863,-0.44936183
-1.4713122,0.9563051
1.1749942,1.3075728
1.5444051,0.265945
-0.81971645,-1.3023058
-0.3007417,-1.0296478
1.1055751,1.5248554
0.46186942,1.1749119
-0.36823985,0.13950662
0.27346998,0.19444053
1.5914958,0.15880112
0.29639187,1.5397325
-1.3900819,0.9113079
-0.2146265,-1.2917386
0.9427239,0.021327017
1.2153635,-0.8496138
1.5055271,0.5912041
-0.6522404,-1.0690948
-0.54254526,-0.42163557
-1.5724586,-0.69706905
-1.2818406,0.6087983
0.9816072,-0.03826566
-0.26436946,-1.1705726
-1.6307285,1.6519566
-0.022917997,1.237377
1.7561226,-1.4064238
-0.62043166,-0.7709283
-1.5944324,1.2787039
-0.8110018,-0.9964131
-0.34437454,-1.4239436
-0.25094396,0.48872602
0.83777636,1.5244671
-0.9863509,-0.40671688
-0.8893717,-0.5388615
-1.4921521,1.1920972
-0.50455534,0.21978131
-1.6715766,1.5434417
0.9415583,1.4618846
1.194452,1.4887815
1.0066907,1.560379
-0.81422377,-1.0856757
-0.22780429,0.88970727
-1.3558977,0.7302673
0.3934892,0.58950496
-0.7631582,-1.0237027
0.19054611,0.084313616
1.1381546,-0.46557906
1.5886533,0.118681826
0.28573284,1.5676916
0.8373429,1.3988944
-1.0152258,-1.1469845
0.607082,1.2145755
1.4764808,-1.1939368
0.7297936,1.4163574
0.92178047,0.06820165
0.351257,0.5106677
1.6564627,0.07371288
0.31721961,1.56173
1.7658062,-0.29564944
-1.1152943,-1.3611268
0.10438295,1.4633648
-0.6827601,-0.5391829
-1.5043119,1.1733083
-0.628214,-0.8108301
1.52511,-1.3545355
1.400698,-1.1741018
-1.4728559,1.222985
0.30331847,1.1698635
-0.6698376,-1.3390672
1.6108174,-1.3702509
-1.1681328,-1.4650332
-1.2957541,0.60675865
-0.09188348,-1.044332
-0.7137567,-1.210881
0.011767755,-0.66222966
1.5868714,0.10778118
1.4901482,0.5642361
0.002584424,-0.4862728
1.0122014,1.3971553
0.9612983,-0.2586037
1.4410291,0.67591256
-1.1543956,-1.3796122
0.5399959,1.088632
-0.44795516,-1.5692161
-0.45411414,-1.7213895
-0.7607687,-1.1054397
-0.046899866,-0.7375241
-1.4984523,1.0706645
1.4138181,0.7737779
0.99985576,-0.26423326
-0.6311947,-1.2013665
-0.29746574,-1.3224114
-1.2167518,0.23923689
-1.5105953,-0.8723957
-0.5877733,-0.9368178
1.1918032,-0.55554605
0.38838083,0.59546524
-0.5740414,-1.1456804
1.6192882,0.18743151
1.0013411,1.5944741
-0.9392665,-0.57066154
-1.4754578,0.8188842
1.6489898,-1.4098601
-1.0674049,-1.3596904
-0.9441483,-1.1859506
-1.1867774,-1.5763255
-0.16906987,-0.86956817
-1.552561,-0.9047308
1.2053078,-0.7386675
0.7591535,1.4412985
0.1906535,-0.090606615
0.90756285,0.03992155
-1.2032651,-1.7009784
0.657626,0.9591693
1.4735032,-1.3466424
-0.0072161425,1.1491362
-1.138154,-1.6245375
-1.3499843,-1.2836354
-0.32939187,0.32885954
-0.05871998,1.2925961
1.4452367,0.7224027
-1.2029252,-1.3847194
0.9058495,1.4330064
-1.6416906,-0.5978459
-0.66510534,-0.6034289
0.611181,1.2512853
-0.43616337,0.14007299
-0.4645734,0.012372663
1.415065,0.6837265
-1.4536119,-0.9096109
1.2449713,1.2471766
-0.38420403,-1.2860423
-0.39161977,0.03968173
1.558383,-1.4575341
-1.1036316,-1.1448337
1.2145648,-1.014005
0.011595382,-0.49497217
-1.5595658,1.2694254
-0.22906174,-1.1206155
-0.3988838,-1.1718414
-0.3740709,-1.1602091
-1.6991254,1.417669
-0.8547568,-0.9495286
0.33585894,0.7535137
-0.20605661,0.7456402
0.72009957,1.6313773
1.5506759,-1.0932443
0.29259735,1.7175418
-0.29769352,-1.406634
1.3398849,-1.2311523
1.3835325,0.67366207
0.48594174,0.7412122
0.97836196,1.5425146
0.24505045,1.7104119
0.19883078,-0.25154382
-0.10598283,-0.7219297
-0.7777459,-1.0412517
-0.352758,-1.17067
-1.6340226,-0.6679945
-1.5244466,1.2953047
1.1593797,1.4670831
0.65230995,0.8240087
0.77261657,1.5396081
-0.67383105,-1.0960524
1.4807243,-1.1446404
0.05154105,1.3268446
-0.26039416,-1.195072
-0.10973343,-1.2550116
-1.7187724,-0.43024144
1.0237228,-0.26625556
0.49957603,1.0273391
0.5515476,1.0781087
1.3869212,0.84087795
1.2636522,-0.7190104
-1.6531104,-0.40003246
0.3499726,1.6050309
-1.620747,1.325409
1.5135444,0.38866442
0.2371573,1.6271101
0.086436406,1.384565
1.3251302,-1.0715221
1.7534639,-0.16429983
-1.3108802,-1.0896274
1.6032306,-1.3733146
-1.5369099,-0.7613064
-0.75124246,-0.76143885
0.927044,0.12763453
-1.6587892,-0.32159024
0.20053558,0.15382564
-0.055289216,-0.7868327
1.6630349,-1.354968
1.2063817,-0.8700829
-1.4603492,-1.2952719
-0.7709928,-0.8901863
0.9852208,-0.022868978
-0.49596372,-0.19865489
1.6616783,-1.0410298
0.08434196,1.3768045
-1.6577164,-0.54982734
1.7021708,-0.25789177
-1.6544303,1.2072313
-0.06594214,1.5691661
0.3853365,0.8163788
-0.94622535,-0.524526
0.31420684,0.37311563
1.7399435,-1.1621099
-0.23451987,-1.1314605
1.639098,-1.4001824
1.6490082,-0.26965302
-0.21942937,0.893494
0.58298814,1.3839012
-0.5977796,-0.6761408
-1.2984887,-1.2547292
-1.4280535,1.0128161
-1.2789786,0.4615461
0.0749597,-0.43331575
1.2418296,1.2239596
-0.3615695,-1.2932258
0.1838611,1.2484505
0.03816135,1.4918486
1.4178935,0.74928004
-0.081806265,1.1341329
0.32522047,0.4703297
0.26834533,0.06315026
0.3697079,1.3892572
-0.0045882026,1.3185173
-0.83683485,-1.0080925
0.5479039,0.86909264
0.23657496,1.1410139
0.67595565,1.1960295
-0.09057888,1.1915234
0.41566405,0.37730682
0.66976476,1.0910254
-1.5983646,-0.25663373
-0.66625404,-0.37127313
1.2693782,-0.9751297
-1.2619942,0.476478
0.90953666,0.16954215
-0.95024604,-0.103455015
0.6136156,0.92339647
-0.7121757,-0.62293583
-0.82982683,-0.6325339
1.3564181,-1.0621703
1.3204464,1.0476956
1.5498998,0.33610696
0.17913814,-0.008502062
-1.5167947,-1.0615004
1.5869123,-1.4602883
-0.1865662,0.8421762
-0.9898779,-1.39879
-0.02372263,1.2702761
1.6110493,-1.148701
-0.40684396,0.015483593
-0.13457324,-0.9366738
-0.018041486,1.1056286
-1.5808444,1.3002776
-1.2754043,0.30016857
1.0743191,1.2192231
-0.6834279,-0.7100096
1.7296058,-0.37065354
-0.41899422,-1.4699117
1.5481938,-1.4213938
0.4248701,0.66740984
-1.2893419,-1.214523
-0.8107433,-1.0844256
1.261149,-1.1502014
0.59092706,1.1514214
-0.20074265,0.8337976
0.7458198,1.2755588
-0.79904366,-1.1520476
-1.0222344,-1.3083924
-0.3685856,0.28718022
0.32850558,1.487212
1.4392316,-1.3154246
0.3824478,1.1504529
0.77013385,0.5412786
-0.34279874,-1.6058577
1.4287882,-1.0169001
0.9222817,0.14675233
1.0494113,-0.35146233
-1.2498243,-1.4567069
-0.5896292,-0.350932
1.0559542,-0.38484716
-0.41778037,-0.027188145
-1.4814484,1.2182528
1.6697168,-1.5098065
1.3095516,1.1752763
-1.2841077,-1.0896714
-0.8986354,-1.0487522
-0.63011503,-0.84122425
1.0831603,-0.21230124
0.33429798,1.3423864
1.1678708,1.2444644
-0.38698268,-1.4089676
1.6306101,-1.4277852
1.0544531,1.5472299
-1.0059022,-1.5593629
1.6282248,-1.0372888
0.3464386,1.6841422
-0.23325662,-1.2547576
0.9066307,0.03706848
0.28906974,0.22393616
0.36333954,1.596453
1.2629597,-0.8571581
-0.36767617,0.3551107
1.4369158,-0.9907334
-1.095646,0.13945632
-0.57279164,-1.4059721
0.35481796,0.64097285
-0.02562963,-0.5781672
-1.7078493,1.5598042
0.2083327,0.044099916
-0.474745,-1.2887579
0.21732841,0.08253888
1.709486,-1.1010311
1.7492399,-0.455052
1.0382419,-0.37297177
-0.719537,-0.73500896
-1.3304183,-1.0999643
-0.013004332,1.2852261
-1.0714589,-1.3406931
1.0942163,-0.3077511
-1.510492,1.1430659
-1.3499998,0.57336193
-0.7928597,-0.74472374
-0.26138565,-1.3775734
0.531506,1.0433689
1.296959,1.1147767
-0.36576068,-1.2404546
-0.43026233,0.028290806
-0.019674586,-0.52675086
-1.6096013,1.4730041
-1.2598526,-1.1157879
1.411961,0.75187457
-0.16433136,-1.0164238
0.70287275,1.3487211
-0.08071862,-0.8629426
-1.4106406,0.90798753
-0.6400867,-0.6023946
-1.3236578,1.054691
0.9171855,0.29748738
-0.80624765,-0.81564784
1.4299102,0.4946892
1.6513382,-0.3529686
0.3946332,1.13896
1.3168892,-1.161264
-1.6330376,1.1934226
-0.6642659,-1.0030311
-1.0341425,-0.3615237
1.7473042,-0.30868274
-1.1706743,-1.5069462
0.3262577,0.6724804
0.9756131,-0.13593805
1.6652834,-0.38978836
0.8511041,1.2600424
-1.1149603,-1.4464586
-0.80216444,-0.98433053
-0.76035225,-0.6720718
1.220299,1.1117721
-1.4522547,0.6830302
1.2862892,-1.0159817
0.7063881,1.1517248
-1.3978292,-1.2673
-0.25663358,-1.205698
0.61034775,1.2184998
0.06786877,1.4702303
-1.4212115,0.98807067
-1.515703,-0.9216274
-0.48805097,-1.3256987
1.3637294,0.8741936
-1.0223374,-1.4637066
-1.0087757,-0.39485148
1.1791414,-0.9076286
-0.40883347,-1.5821222
-0.08971123,1.1425066
0.3787433,1.4868134
0.49427804,0.5985122
-0.2839577,-1.2195923
-0.5277565,-0.08558696
0.11419464,-0.32603368
-1.6562865,1.3068244
-0.81986606,-0.8848674
-1.3268452,-1.1645753
-0.8822151,-0.60029835
-1.4268602,1.1572031
0.4096062,0.6576791
0.38555443,0.42345855
0.46235517,1.0289972
0.85766464,1.5215873
1.6052449,-0.07204891
0.95411384,0.06288607
-0.8343073,-0.8841662
-0.7371722,-0.92966044
-0.6113775,-0.32726493
-0.30057314,0.8154194
0.098730706,1.4813389
-1.4107555,0.89347035
-0.6229802,-0.10407938
1.7598274,-0.566646
0.46887803,1.2904677
-0.8830595,-0.44620264
-0.17723301,1.016285
-1.0059677,-1.1435055
0.5108089,0.7212917
-0.14516452,-0.9453151
-0.021522379,-0.6621613
-0.38947436,-1.2392644
0.87044257,1.3817482
0.46666315,0.9261961
1.712203,-1.6040007
1.6530634,0.10382428
0.4211562,0.88010263
-1.6623346,1.3257872
1.5636172,-1.5046318
1.2892176,-0.93386984
-1.4066713,-1.102446
-0.88472116,-0.6300607
-1.5423286,1.1170939
0.99258006,0.081775144
-0.45017678,0.004469907
1.299807,1.1501184
1.0502342,-0.6499182
-1.3551447,-1.3566297
1.0359124,-0.49640098
1.3777221,-1.2120616
-0.76834327,-1.0754235
-0.21182884,0.7840547
-0.09713135,1.3946451
-0.95102566,-0.6996917
-0.68941337,-0.9751904
0.9286991,0.008290325
-1.4467559,0.73339546
-0.40611935,-1.7379612
1.4079543,0.6989001
-0.8016941,-0.99581605
-0.4135193,0.23653327
-0.43552646,0.21912338
0.40065297,0.59712243
-0.1823525,0.8425052
-1.2662461,-1.1220503
-0.96744347,-0.6864793
1.1679791,1.4829339
1.685992,-0.18483776
0.07356049,-0.43474063
1.1849813,-0.68581134
-0.2474634,0.6905674
1.1850828,-0.5795558
-0.13868962,-1.0509726
0.42577767,1.3855202
-1.1864821,0.32118583
1.5863006,-1.4351696
0.5570402,1.0353156
-1.5709693,-0.72400975
-1.7178663,-0.19904692
-0.78052264,-1.1417214
0.38919285,0.7201145
0.18876679,1.5403495
-0.53240776,-0.5184789
0.26824397,0.20815329
1.1196454,1.2472007
0.14198518,-0.4553373
-1.0034244,-0.25640938
1.4866172,-1.3156556
-0.58828217,-1.1932037
0.8137933,1.4505396
0.86142445,1.4929811
-0.88164556,-1.0546048
1.289098,-0.84493697
0.9675563,-0.053404167
-0.46061817,-0.009138579
1.355286,1.0048957
0.044060007,1.3972609
0.64249474,1.1649151
-1.6496205,1.2790141
-0.31294748,-1.2067854
-0.22822064,-1.2910081
0.19527464,0.18445267
1.029736,-0.2811433
-0.815561,-1.1529394
1.4902642,0.4491985
1.5263911,0.5723885
-0.88084716,-0.89382887
-1.5139387,-0.6782096
0.87009424,0.3611432
1.0115889,-0.21831265
-0.34329015,-1.3600007
-1.6163384,-0.40817115
-0.90516526,-0.80870175
-0.6140612,-0.54764754
-1.1854682,-1.4228668
1.5008715,0.3577204
1.5701991,-0.0009141894
-0.91459453,-0.51681334
-0.84756553,-1.0029445
1.5861558,0.13543926
0.28536472,1.4822437
0.2122443,1.5511204
1.004464,-0.2745828
0.7291976,1.311012
1.5997992,-1.1674438
-1.3445711,-1.0856552
-1.1400881,-1.3404943
-1.0187098,-1.6024816
-1.0237913,-0.3379219
-1.6142985,1.4477011
-1.4870112,1.0986767
0.9366884,1.1965603
-0.79576814,-0.77570415
1.5843252,-1.3936486
-0.057333883,-0.9916252
-0.36271802,-1.1816202
-1.5541557,1.2266648
1.4014708,-1.190156
0.12357147,0.0061488724
1.3078475,1.19224
-0.0035039263,-0.8960738
-0.63048875,-0.97270674
-1.3262311,0.46289232
0.20396557,1.3001747
-1.6616668,1.4909526
1.4449904,0.6072581
1.2919409,-0.7744003
-1.018181,-0.4117705
-1.2346689,0.58026546
-0.6199196,-0.512878
0.43364435,1.375296
-0.14066514,-0.8976515
1.2742543,-0.8583023
0.49349713,1.5694431
-0.48877266,0.029181894
1.362885,0.8206328
0.48434013,1.3284931
0.14159563,-0.25012812
0.8078919,1.50309
-0.15657118,-0.8385197
-1.0861281,-1.2704744
-1.7118849,1.3938673
-0.50339454,-1.42853
-0.6524942,-0.6373878
-0.3133538,-1.277832
1.5775512,0.020281028
0.70596296,0.6684087
-0.2718325,0.7337484
0.030029584,1.3601574
1.766234,-0.22387567
0.052368876,1.1698562
-1.5204142,1.3047193
1.2139744,-0.9032367
-0.9301296,-1.4613929
-1.4421484,1.0173873
0.075251006,1.6664103
-0.05202132,-0.7238871
-0.7606524,-0.72205687
1.5605428,-0.01681667
1.4324818,-1.2702365
0.87263584,1.5185963
1.4542515,-1.5500985
-1.3338358,0.6630943
1.449268,-1.1598986
-0.8341094,-0.9084311
0.2684052,1.3546476
0.42763627,1.314881
-0.46215788,-1.4006153
-0.22480817,-1.0482135
-0.5587,-1.3853382
-0.36985284,-1.3452138
-0.06220429,1.2580298
-0.10234536,-0.84531206
-0.60465854,-0.38318777
-1.1563896,-1.2591636
-1.2605407,-1.219007
0.08774141,-0.30724964
0.80151606,0.44599235
-1.3811241,0.8546023
1.3745302,0.91864604
-1.319209,0.61593896
0.93731683,0.21615113
1.0987827,1.5902306
0.8517452,0.2456195
-1.428611,0.73791003
-0.11234506,-1.0398841
-0.648683,-0.41201052
0.07843908,1.4305751
-0.7766858,-0.98152435
0.45563504,0.86315715
1.291554,-0.8939668
1.5712755,-1.2595326
-1.3139004,-1.1848416
-0.045278437,1.0598801
1.682805,-0.028426366
0.08102303,-0.20625837
-0.079480305,-0.92937523
-0.35381603,-1.1090552
-0.33285946,-1.5575185
-1.5807563,-0.82445127
-1.0732338,-0.12786354
-0.15946727,0.82820714
-1.1136768,-1.1330085
1.3544257,-1.0950592
-1.1432902,-1.2479138
1.3059579,1.0541667
0.7409077,0.52625245
0.8187606,0.60038406
1.1054085,1.1667273
1.3562349,0.92270637
0.7671569,1.3801363
-0.46827418,-1.263047
-1.2303424,-1.4363014
0.42505044,0.57754225
-1.3184357,-1.2999054
-1.2575225,0.5508052
0.7279642,0.704028
0.84722507,0.36431
-1.7071133,-0.15512685
-0.20793027,0.75389653
-0.22623295,0.9663964
-1.6523975,1.3471031
0.6927679,0.9353442
1.6875454,-0.403667
-0.4465283,-1.5203815
-1.3144875,-1.2341478
-0.8517855,-1.0177892
1.5870234,0.26554272
0.70974785,0.6646074
0.058547936,-0.45162222
-0.6147903,-0.4412208
-0.123813465,-0.94421995
1.7357414,-1.0695711
0.67122597,0.8088337
0.24800043,0.25454208
0.3349552,1.4059474
-0.08721551,0.9739816
0.39870915,1.5082061
-0.28754333,-1.2091627
-1.4273506,0.9653712
-1.0288872,-1.3845834
0.7354444,1.2868947
-0.730929,-0.86221355
-0.27880678,0.5528885
1.0716461,-0.6219507
0.89855087,0.08583974
1.0681244,0.00040859458
0.67689544,0.9856263
1.3452152,0.9127816
1.6662692,-0.3250934
1.305447,1.0533907
-0.24144389,-1.0221221
0.86249685,0.21462767
-0.0630803,-0.9691361
0.38480517,0.38443267
-0.6854958,-0.9934703
-1.3643676,0.68679756
0.67354083,0.95644814
-0.20700975,0.77977735
0.34403428,0.43731195
-0.37858176,0.34491327
1.245203,1.0768782
-1.3009872,0.5629573
0.72196245,1.3633375
0.77838653,1.3677809
1.1502705,1.5589163
-0.6111789,-0.6245721
0.15539259,1.273472
1.0376959,-0.26983944
1.0996572,-0.4701479
-1.60577,-0.48141122
1.0529712,1.2953826
1.301372,-0.7634451
-1.4853474,0.9609968
-0.9024743,-0.5931411
0.65906227,0.63972247
-0.91234004,-1.2674633
-0.98004556,-1.3772286
0.69781786,0.9689307
-1.1417394,-0.013459297
1.3525801,-1.2619007
-0.5732068,-1.3159791
-1.7129945,-0.19681543
0.7587505,0.7029845
-0.7466103,-0.9243242
-1.1549834,-1.1202585
1.6835141,-1.2279029
-1.6293144,1.1877267
0.039293613,-0.33348867
-1.6114895,1.4183216
-0.06906519,-0.94269043
-1.5536152,1.3004373
-1.0175894,-0.35006687
-0.5317127,-1.4535985
-1.2424589,0.5264685
-0.3890833,-1.2634795
0.1360836,1.2970705
-1.171751,-1.2180166
-0.01710348,1.3422724
-0.9473207,-0.558872
1.3584689,-1.2737012
0.35630885,0.27591723
0.45371184,1.2738801
0.581702,1.1135969
-1.1312128,-1.3015354
-1.6768221,-0.3817359
0.22041163,-0.24621734
0.82193965,1.5932751
-1.7015036,-0.46551138
1.1127013,-0.7088076
-1.5290333,-0.8832746
0.09849006,1.2589684
-0.9472979,-0.47447056
-0.5178978,-0.26739615
-0.13852508,0.8713682
1.1597394,-0.39847693
-1.6744531,-0.3022009
0.51577735,1.1492654
-0.2318657,-0.9845288
1.0618623,-0.2903762
1.6202673,0.06328604
0.46685624,0.6800723
-0.9102197,-1.1503778
0.80906874,0.36319914
-0.8416888,-0.7280483
-0.70476466,-0.5418279
-0.108835354,1.2398697
-0.6543194,-1.2511991
-1.4037217,-1.2971268
0.7593191,0.59913725
-1.4795033,-0.63914305
0.57354164,0.9875369
-0.56766665,-1.0248686
0.5137291,0.887174
0.8685854,0.34144208
0.326636,0.4408649
0.017741974,1.1028842
-0.8345079,-0.82273585
0.58618206,1.2777308
1.5250466,-1.2281593
0.2017291,1.5394423
-0.47046006,-1.227207
-1.0707928,0.112124436
-0.74417585,-0.7553591
-0.48643804,-0.11992611
0.7671797,0.56871074
0.8033304,0.22897084
-1.5123975,1.0266911
1.5222121,0.1406525
1.3049636,-1.0119442
0.48282573,1.2740173
-0.17810915,0.79347724
0.4616713,1.324977
0.46842867,0.6722644
-0.26319745,0.66576564
-1.2737777,0.3682939
-1.5408132,1.1795828
1.288513,-0.7439699
-0.3867185,0.2640908
1.2671874,1.1606123
1.2273012,-1.0391554
0.77906513,0.5243161
1.0935252,-0.25377998
0.49868846,1.56331
1.558381,0.38140997
-1.0891075,0.25897506
-1.2616346,0.5698945
-1.6907628,-0.27634025
1.2125121,-0.95636487
-0.8209585,-0.838471
1.7043526,-1.4421409
0.9648441,1.3606448
0.65043455,1.2014452
-1.6119128,1.0051411
1.1342175,1.2898645
0.46934906,1.3412151
-0.821905,-0.6444042
-0.36824697,-1.411344
0.5982222,1.0704457
1.063975,1.410967
1.0936824,-0.5204292
-0.5406922,-0.16545698
1.593601,-1.2974985
-1.0048,-0.2589259
-0.05458365,1.1827759
-1.454575,1.1701217
1.2659587,1.2187498
0.43985328,0.88073534
0.49773017,1.2346429
-1.6441027,-0.4830451
0.34097636,1.3344291
-0.65444076,-0.5877021
0.9684122,-0.13345394
0.7097199,0.6365828
0.8932628,0.29895568
-0.4319556,-1.4859785
-0.46296635,0.13822807
-0.97913384,-1.2374784
-0.65059495,-0.32555518
0.17671858,-0.2576818
-1.2445927,-1.0959879
-0.9709264,-1.3276024
1.317821,0.85647476
1.7455475,-0.38107297
-0.6878098,-1.1456312
1.443545,0.8302365
-1.6187773,1.3379607
-1.1595912,0.34849167
0.8027578,0.5695973
1.6971043,-1.4423571
-0.083932914,1.2341526
-0.143587,0.9993319
1.624223,-0.11072377
-1.7006761,-0.1806155
-0.22948818,-1.2241169
-0.57046795,-1.2067863
0.19665983,-0.3241302
1.2802032,-1.0005194
0.047390513,-0.48879293
1.4523525,-1.1174232
-1.0124726,-1.4758816
-0.25967127,0.6819369
0.9625993,-0.022073036
1.040483,-0.47196445
-1.6251248,1.2462378
-0.936732,-1.0533407
-1.5501187,-0.8105857
0.599611,0.8552726
1.1347489,1.3340445
0.6393121,0.83652973
0.887336,0.1822262
-0.63504106,-0.7281074
0.78503644,0.36227235
-0.6474427,-1.178604
0.60766155,1.3124204
-0.96644115,-0.58305484
-1.3484471,-1.0404863
1.7324208,-1.3629409
-0.3604654,-1.2159786
-0.6109303,-0.9922122
-0.6276109,-1.0521425
-1.5195335,-0.95670176
-1.4005231,-1.0396969
0.27890706,1.4806113
-0.56693923,-0.41656154
1.0824732,-0.5332376
1.7541037,-0.28168184
0.49921128,1.1502489
1.1645908,-0.62179714
0.18748024,-0.12653364
0.05261727,1.292482
-0.5510924,-1.2374685
0.6066364,0.76245594
1.55766,0.05144914
0.3625237,0.33482927
-1.121205,-1.3914189
-0.4826218,0.17921239
1.3373586,-0.881706
-0.5749954,-0.35274777
0.9411218,1.423485
1.0961598,1.5167065
-1.017709,-1.1262484
0.22424492,0.17620476
-1.669762,1.6517273
-0.90420467,-1.2017016
0.772224,0.66991496
0.118405186,1.4611853
0.79547524,1.3774468
0.8876,1.4671347
1.3254732,-1.0292685
-0.8320505,-0.81838876
-0.41967937,0.3654631
-1.1426461,-1.4853003
-0.845875,-1.0617365
1.2520915,0.9319647
0.19866866,0.1162492
0.20502508,1.1211221
-0.7282162,-0.77763313
0.68363804,0.95654166
-1.4468843,-0.97765803
1.6691786,-1.5467085
0.5800469,1.275101
0.813592,0.49564955
0.16996326,1.585138
1.3990986,-1.1259071
0.20716779,-0.10493411
0.6888454,1.33167
-0.9878375,-0.108172566
-0.72372854,-0.7312024
-1.1051103,-1.1848933
-0.23921683,-1.4396302
0.6046909,0.87451124
-0.09967365,-1.0516547
-0.515402,-1.3458267
0.3624812,0.5261451
1.1817364,1.535111
1.344488,1.0869609
1.554043,0.28600252
-0.20055163,0.49653238
-0.7215032,-0.7666228
1.3016267,1.0897362
-0.6624531,-0.4263002
1.0594835,1.1334454
0.833133,1.2763257
0.55449766,1.258051
0.35061118,0.46884593
0.65136075,0.8750375
-0.76499975,-1.2815899
-1.3188932,-1.364543
1.1245922,1.0797844
-0.7333763,-0.8014246
0.7808253,0.48963958
-1.2219656,0.40350008
0.001370803,1.499125
0.38766307,1.3376366
-1.2545794,0.5197912
0.3336454,1.44974
-0.94994414,-0.8085365
-0.9135231,-0.5058205
0.20653035,-0.054579064
-1.1198834,0.083966434
-0.12609111,1.0771319
-0.29895577,-1.1079335
-1.2226484,0.6935923
-0.5057843,-0.39338574
1.0050663,1.3299422
0.3140146,1.4516102
1.5228858,-1.3953761
1.0555888,-0.5642019
1.6353804,0.09963173
1.0940765,-0.54686457
1.523878,-1.3183281
-0.026371997,1.1998161
-1.2856807,-1.3132403
1.640139,-1.2951277
0.7183708,1.3080766
0.652371,1.1667002
-1.141016,0.21049324
-0.1922471,0.58502346
-0.76886165,-1.0515136
0.63404363,1.1373935
0.2974167,0.06522145
-0.5887649,-1.3383566
-1.677107,1.4775658
0.56449986,1.117705
-0.16341358,-0.9997744
-0.47332728,-0.112547345
0.44603118,1.5329034
1.4173465,-1.1331758
-1.4021233,1.2446607
0.6417261,1.2444371
0.17625709,-0.06692423
0.16589248,1.4509004
0.27637202,1.4489255
-1.1329888,0.06404248
0.38259104,1.5595223
-1.4731942,0.85034376
-1.2451319,-1.4471505
-1.066193,-0.022978239
-0.7680462,-1.0066173
1.2111126,-0.59278464
1.2806615,0.9053205
-0.4342385,-1.3767016
1.2531321,1.1165577
1.0504972,-0.4572038
0.6255785,1.1510607
-0.17641382,0.7796424
-1.3608006,0.72366506
-0.7195302,-0.8025277
-0.6800141,-0.8296192
0.0368861,-0.48632085
-0.6971345,-1.1716685
-1.1098232,-1.3161691
1.6713343,-0.31030148
0.8053541,0.5668383
-0.5453548,-0.397671
-0.7118658,-0.6821791
-1.0800916,0.09670156
1.2762616,-0.80869395
-0.29092324,0.6972298
-1.198242,-1.1783947
0.14527848,0.01981507
1.4328594,0.7032453
-1.1067475,-1.2129197
0.014517142,-0.5615613
-1.6743523,1.4973854
1.0750355,1.4312778
0.50928354,0.7648414
-0.70352954,-1.0494593
0.49227357,0.91710496
0.6529977,1.4936152
-1.3185003,0.70577
-1.5380888,-0.77081746
-1.4580873,-0.8725463
0.40783355,0.68645567
-0.14124238,-1.0344526
0.6327437,0.8185012
-0.50975865,-0.35499954
0.4059138,1.5397726
-1.3471038,-1.1836449
-0.99500334,-0.26658812
-0.12749699,0.85529953
1.1828107,-0.54913306
0.009945676,-0.7014142
-1.1610441,0.36693677
-0.6099978,-0.35790345
1.4778389,-1.386663
0.1893943,-0.12753434
-1.3663568,-1.0095313
-1.3864814,1.0068817
1.5528961,-1.3063872
0.7908502,0.6419507
-1.0544046,-1.0255078
-0.66301566,-1.2552913
-0.0032139057,1.291468
-0.84768784,-0.8820454
-0.04701707,1.1510867
1.3316374,-0.9814233
1.2158769,1.390246
-0.30757138,0.58069813
-0.26621145,-1.3047988
-1.1279889,0.020303298
-0.9152426,-1.2319115
0.34808576,1.2307167
1.258395,-0.7201173
0.74329555,0.49533197
-1.0098747,-0.2599951
-0.94099534,-1.2935836
-0.25759268,0.7210154
-1.7116352,-0.22153589
0.1483024,-0.31275538
0.49495646,1.2764671
-0.48815712,-1.5857123
-1.4630394,1.0518187
0.8466542,0.6467037
0.54204506,1.023268
1.6502448,-0.104914285
0.19293919,0.016958367
0.46656904,0.9191507
-0.25466475,-1.4385612
-1.0942055,0.068701096
1.0793896,-0.47092038
1.445569,0.6796011
0.18636887,1.707327
1.1999848,1.0458705
-1.2269047,0.39840972
-1.0468199,-0.065157995
-0.235643,0.52642024
-0.9871071,-0.25490165
-1.101795,-0.1425763
1.4462372,0.72539943
1.5511428,-1.2990121
-0.5774047,-1.1838931
0.80577123,1.5472602
1.0217321,-0.41993055
-1.0660805,-1.429007
-1.1312056,0.22481889
-0.27026352,0.63752395
0.5999931,1.290487
0.44977126,0.7115886
-1.2168015,0.49019623
0.239022,1.4169183
-0.8155405,-0.8914571
-0.20539182,0.81329995
1.6620526,-1.2526361
-0.62114793,-0.7474108
0.4273283,0.7349743
1.1513388,-0.7999699
0.4174601,1.230411
-0.31981218,-1.281485
0.08444603,1.3497511
1.6868719,-0.3133764
1.2145778,0.99523324
1.2884085,1.1311572
-1.1203521,-1.2481965
-1.6609224,1.5030832
-0.2854372,0.8129725
-1.0566558,0.08731919
1.009639,-0.310491
0.74357474,1.2729474
1.2099172,-0.928524
-1.1612314,0.1270265
1.0149611,-0.1605017
-1.665999,1.6152046
-0.75659156,-0.7917716
-0.14191164,-1.3502209
-0.43052715,-1.2807274
1.2346722,1.0936387
0.994771,1.586784
-1.0583202,-1.7088599
-0.8058282,-0.78909796
1.189303,-0.7556265
0.9526402,1.4006238
1.7360868,-0.28928357
-1.6578971,-0.45509988
-0.02367905,1.1119084
0.78214955,1.4357108
-0.94357246,-0.18312515
0.38096175,0.28083462
1.3902012,0.945093
1.1783644,1.3291605
-0.56744313,-1.0541676
-1.3679883,-1.1816661
0.2044232,-0.16564283
-1.5581021,1.5557963
0.2303979,-0.13076684
-1.3158679,-1.1544523
0.2459905,1.4443669
-1.5449358,1.364701
1.4091082,0.89984834
1.0529165,1.4537978
1.3612897,-0.9901739
1.175559,1.2176609
1.737644,-0.17516397
-0.6875992,-0.6397308
-0.7497057,-0.8360354
1.0248954,-0.24144721
-0.08054212,1.1054766
-0.21670412,-1.140692
-0.59273356,-1.205816
1.6590035,0.04224356
-0.014157049,-0.6716472
0.6899965,1.2503854
-1.5224967,1.2335695
-0.2664287,-1.1328399
-1.6084416,1.3643531
0.800202,0.37033984
-1.0424609,-0.06762801
0.4827007,0.670907
0.12556979,1.5636573
-0.42846966,-1.4293506
1.2219967,-0.8863597
-1.0387973,-1.2577745
-0.8564957,-1.0359931
-0.19276386,-1.0977563
-1.0745002,-1.2238723
0.5272909,1.002209
1.5065912,0.78807145
-0.5762027,-1.1272129
0.7827985,1.4587556
1.7406588,-1.2080088
1.2478873,-0.89739794
-0.47411892,-1.0509465
0.16356415,-0.44132468
-1.6533701,1.1656679
-1.667119,1.3059247
-0.6536175,-0.55006385
0.19959515,0.1160524
0.47001478,0.90383524
-0.5727772,-1.2109598
0.50484425,0.8817263
0.0049760044,-0.69760686
1.2274865,-1.019184
-0.67645705,-1.0326464
0.76372325,1.5250378
-1.7147951,-0.055052247
0.58958393,0.9891183
0.5204295,1.152162
0.33058262,1.4515702
0.9185249,1.4502568
0.04935516,1.2587836
0.22631472,0.16765077
1.0697217,1.4985831
1.0040576,-0.2602691
-0.39274326,0.18773077
1.6754373,-0.28623527
-0.48089385,0.02932504
1.2862661,-1.0722075
-0.23946795,0.6977245
1.5028626,-1.3776523
0.4529767,1.265556
-0.011420228,-0.61320585
-0.99005747,-1.0843616
-1.3416449,-1.1436784
1.2198969,-0.77263445
-1.2397307,-1.5042555
-1.5920109,-0.6152074
-0.21613209,0.5380525
-1.0525695,-1.4557958
0.77495164,0.51786196
0.28959566,1.6732891
-0.65573925,-1.0649197
0.6378989,1.3552376
1.4545697,-0.99089915
0.7450132,1.7484215
-1.3039746,0.82734674
-1.0264484,-1.1452227
1.0480057,-0.09428533
0.30221215,1.3895953
1.317289,1.0377983
-0.89894336,-0.7295723
1.1731844,-0.7355267
0.9707478,1.6057352
0.07977834,-0.6067074
0.37600923,0.76921064
-0.44983122,-1.3474578
-0.43202716,0.18778886
-1.1595978,0.15603358
-1.7173033,-0.15366466
-0.20311001,0.79244584
-1.6148524,1.5937667
-0.26666582,0.71260524
-1.4718606,1.1314453
0.76571065,0.61762416
1.7051103,-1.3105885
0.16537207,1.5319216
-0.45682186,-1.4114677
1.3891581,-1.2291776
-0.4962632,-1.279384
1.0008467,1.624048
0.1355476,1.33276
-0.94178605,-0.3932825
-1.600661,-0.38793612
0.21233939,0.03234849
-1.244007,0.5722519
-0.5421554,-0.39630213
-0.8101712,-0.95313185
-0.44503796,-1.5578775
-0.52733916,-1.2553635
1.1394651,1.2276883
1.0769662,-0.4123654
-0.9020121,-0.6279345
-1.1286436,0.24111864
0.9060001,1.2082555
1.4084817,-1.1382303
-1.7196932,1.6306566
0.7488422,0.523906
0.90608186,0.46895593
0.91762555,0.22369629
0.14165093,1.487944
-1.2814089,0.29446384
-0.9935902,-1.3674009
0.31427336,0.40942812
0.81180173,0.53492415
-1.3040284,0.4476217
0.2839352,0.23159267
0.44224072,1.1945958
-1.6010377,-0.47079438
1.3904954,0.8638234
0.6491736,0.88474005
-0.43713546,-1.4273049
-0.026636668,1.4023244
-1.6051716,-0.6966254
-1.528792,1.09995
-1.4374589,-1.1341885
0.3412051,0.32914853
-0.7606422,-0.8489956
0.27778146,1.5314609
1.0259073,-0.3665832
0.76581454,1.2871059
0.3208063,0.423399
-0.9448445,-0.2979851
0.6746966,1.2081451
1.3453568,-1.2056633
1.7390232,-1.293968
1.5649,-1.4864035
1.080473,-0.14438784
1.4123714,0.9951527
0.3860628,0.21745226
1.2823547,-0.9860894
1.1674322,1.3389812
-1.2957408,0.5380109
1.4823258,-1.0595697
-0.48997724,-1.3997993
1.1292652,1.2421151
-1.3208418,-1.2058845
-1.3377575,-0.9412026
-1.5390862,-0.77484846
1.036417,1.3601693
0.12728466,1.2034647
0.18150628,1.3864219
-1.1166408,-1.2493836
0.57751393,1.0874772
0.1242071,-0.16149732
-0.062036157,1.2842088
0.99523973,0.068710566
-1.1821933,0.26869404
-0.62504166,-1.2752887
-0.0019261172,1.41075
-1.3094716,-1.329456
1.4209704,-0.9891809
-1.1290363,0.057579365
-0.244037,0.82390887
0.19648041,-0.21460733
-0.1799813,0.7943301
-1.1418635,-1.3287746
0.6127592,1.2521496
0.025467783,1.5765281
1.3704675,-1.1569539
0.0133128585,-0.7877435
1.1032342,1.0328943
0.87336016,0.23087265
0.94332355,0.14667313
-1.0438672,-1.3901467
0.80249953,1.2168924
-0.9549959,-1.2543846
0.28263542,-0.20203015
1.1379511,-0.50064397
-0.9623792,-0.31641123
0.6412142,1.1662022
-0.7876641,-0.85210234
-1.3878489,-0.9985843
0.87390125,0.38660106
-1.2713838,0.38244027
-0.5867877,-0.16855986
-0.72639126,-1.0602266
0.84118104,0.014814031
-0.71901435,-0.6438459
-1.5223508,1.2102814
-1.6084781,1.2727188
-0.3748573,-1.6270182
0.3593672,0.3998598
-1.2768668,0.6909694
-1.2443782,-1.1007619
-0.48625427,-0.10346127
-1.4044714,0.83070636
-0.55161595,-0.15118353
0.6046142,1.218451
0.8268723,1.5259508
-0.89919096,-0.56672114
-0.32104793,-1.0265725
-0.6730235,-1.2967803
1.751959,-1.2813283
-1.3157939,-1.2840126
1.3474768,0.9216413
-0.7248733,-0.5935597
0.70324546,1.1189631
0.10297355,1.4374225
-1.238172,-1.2724541
-0.7063374,-0.75376886
-0.12303814,0.9656107
-1.4863428,-1.0396028
1.3275731,-1.3741888
0.5469632,1.2208202
1.2091326,-1.0485622
1.6971217,-1.1327692
-1.1232566,0.21292107
-0.6228433,-0.3582702
1.1624953,-0.63123524
-0.9505775,-1.1608906
1.4081235,0.7213905
1.6234416,-1.2354434
1.680314,-0.08243342
-0.014762698,-0.56814665
-1.0384628,-0.3024655
0.52148604,0.76923764
-0.876422,-1.2733849
0.06269459,-0.7610785
1.251725,1.0141481
-1.256844,-1.274847
-0.8403305,-1.0334868
-1.3514856,0.9871051
-1.6147965,1.3129247
-0.8216643,-0.783657
1.5747861,-1.4300004
1.3227932,0.93608403
-0.28510886,0.5572895
1.5809218,-1.5871607
0.701658,0.6398169
-0.66434765,-0.50822836
-1.3056145,0.36342528
-0.7876215,-0.9374399
0.1975007,1.6843026
-0.569214,-0.35846025
1.0930836,-0.33620003
0.99672973,0.2979518
-0.6275731,-1.2952958
1.4685702,-1.4224423
-0.3001631,-1.3217345
-0.08276978,-0.885868
-0.8914674,-1.1308028
-0.5349675,-1.1731915
0.6605032,1.1185449
0.13118292,1.2294773
0.35194302,1.3674021
-0.13959754,-0.9920055
-1.6789925,1.377308
-1.050292,-1.2120376
0.8099759,1.1992081
0.013879938,-0.4145587
-1.3650438,0.88679856
-0.44425485,0.04022801
-0.012105439,-0.73999107
-0.17157154,1.1020368
0.73313195,0.7878207
1.5070313,-1.1831387
1.3362606,1.0172502
-0.71584725,-0.93319005
-0.42411086,0.4303579
0.09008526,1.4574642
0.41685525,1.250557
-1.1803942,0.07175483
-1.4552919,1.1721611
1.0078624,1.4238362
0.10993964,-0.38346267
-1.6802465,-0.33446097
-0.77510947,-0.898638
-0.0462768,-0.89867896
-1.0753038,0.1690447
0.4037098,1.1453955
-0.5071586,-1.3294866
-0.5860565,-0.5954508
0.8715883,-0.074007854
0.121110484,1.3099439
1.7244684,-1.3597744
0.39674503,1.5482461
-1.4629871,1.1013741
