2.994991918082494209e+00
1.421451303519387199e+00
3.407445286359316761e+00
1.290939817391658639e+00
1.321945243934061764e+00
1.336955877403821269e+00
2.067379256309049840e+00
6.129064314423986026e+00
1.426467546251705354e+00
1.724660406984359184e+00
4.783799651990177537e+00
1.397652509426532852e+00
1.773432121807351436e+00
1.363950781024128034e+00
1.332847625894620691e+00
1.686359693657694780e+00
5.738619489499249937e+00
4.934321352626614754e+00
1.350697321175179155e+00
1.825372088890052424e+00
6.880883363170552158e+00
3.404488648482704605e+00
2.580692869284772595e+00
1.330069069814319160e+00
5.237828642128954826e+00
4.637637356121026677e+00
1.367636884684745535e+00
2.683937281420055943e+00
1.298907954103921458e+00
1.428515135219471155e+00
1.496525335940406709e+00
3.513182541250869040e+00
2.649296596696741890e+00
8.491622280261047706e+00
2.272726811685612081e+00
1.656069177781525958e+00
1.381451833158487297e+00
1.590235865280204219e+00
1.305450725643598542e+00
1.365696258824484755e+00
1.337151388169475652e+00
1.484509626012469941e+00
1.469235028979241076e+00
1.544610767961338116e+00
7.909985416450187046e+00
1.491061896259467279e+00
1.698224790053281641e+00
1.701898336170019288e+00
1.481244240628604825e+00
7.090542375042856449e+00
1.614265137481522672e+00
1.815326589182777894e+00
1.801713717591813868e+00
5.982090812376865685e+00
1.402977124602168502e+00
1.661478438698174021e+00
2.096286982554255829e+00
1.690272788664551218e+00
6.405732463200626725e+00
1.381853884523885245e+00
3.006975477194274049e+00
3.308382871448980467e+00
1.284179528779175072e+00
1.628846593269833498e+00
1.646663077890702098e+00
1.327608208007454937e+00
6.255997155843033397e+00
1.360680091539849812e+00
4.345244787437369638e+00
1.659493677055838390e+00
1.349074559528226303e+00
4.942509917983855416e+00
1.448277255504786698e+00
1.387337030664367976e+00
2.823223376446594379e+00
1.651081996675998642e+00
1.278875020974617804e+00
1.443060772601439723e+00
5.514924015221795983e+00
1.820833099244949516e+00
1.748636795859226378e+00
1.286716700036783401e+00
4.018072275455339515e+00
3.453599634222924486e+00
5.069968668743833007e+00
1.315231663008780583e+00
7.582276018946861207e+00
1.276243364855124796e+00
1.903131356316198897e+00
1.670396319818503450e+00
1.466955476830891225e+00
1.324772854046709636e+00
1.388334273621796289e+00
1.389038407910148099e+00
1.240357284715981390e+00
1.491030356825724823e+00
2.335752330744822469e+00
1.704747283595921203e+00
1.350752023097053556e+00
3.008048314127129252e+00
3.163454707264793608e+00
1.625176350472001374e+00
2.115938229209757271e+00
4.519621950891009377e+00
9.456645307540126666e+00
1.506566289868171982e+00
8.625513334386734954e+00
2.030080181727978328e+00
6.417343982023760773e+00
1.773401058312752632e+00
5.428187220095867183e+00
1.316787575166198820e+00
1.712415870749397051e+00
4.798141003658735748e+00
1.616793004949409251e+00
1.425547920309154115e+00
2.120020661089923042e+00
2.852508829671508206e+00
1.335669747901617299e+00
4.571991017391447087e+00
1.557476134991021777e+00
4.876356628865933018e+00
1.353289295188321528e+00
1.364813202667512382e+00
2.292282604068060614e+00
4.810744545947638784e+00
5.629734239959969244e+00
1.895323213803519202e+00
3.051181967515141036e+00
1.351721851389489526e+00
1.343609601685181065e+00
5.323852717753011277e+00
1.390534608076164247e+00
1.271983594701821207e+00
1.358644073496297011e+00
2.674406938817971646e+00
1.595173399164592443e+00
1.312512254002216050e+00
1.390889520373598476e+00
2.370021591939536432e+00
2.910657925572853078e+00
3.146121210576220406e+00
1.305839544488131665e+00
4.640172600960007721e+00
1.492593891780207738e+00
1.780397975208730887e+00
5.476534931883695556e+00
2.549446938339192670e+00
5.556893602443539137e+00
1.546762158264132658e+00
8.863126303747133505e+00
1.447348844179815686e+00
1.293352208238510936e+00
1.390017337709659184e+00
1.288452361399398338e+00
1.614476346085976566e+00
2.774452787799555953e+00
1.711569376576396628e+00
4.068461515189701672e+00
1.337189328024258828e+00
1.510539911269819680e+00
1.240481927660396444e+00
1.836016978529429799e+00
1.456691398093839851e+00
4.817269870912777918e+00
1.318552476920495042e+00
1.289805106927273126e+00
2.022835981863638999e+00
1.480291644583255461e+00
1.557036662471131372e+00
2.226820260204808832e+00
1.275911350974459957e+00
1.289173633424591792e+00
3.504157717907902203e+00
7.317828530541995669e+00
2.842679628971283012e+00
2.199842610994457104e+00
5.236089229171364323e+00
2.284479400815006223e+00
1.435443512322563286e+00
1.717573374776263595e+00
2.065313202755990840e+00
1.368410973239886363e+00
5.884768045310428519e+00
1.229304559576058331e+00
6.025780520800527285e+00
2.211278853141252831e+00
1.336502199852874995e+00
1.462192579232431289e+00
1.951088295381646631e+00
1.318364255279207864e+00
4.769671510109183998e+00
6.416151475891192391e+00
1.675106684281074898e+00
1.806162230608018948e+00
1.450856442374981903e+00
4.111874639151663402e+00
1.279525316644152255e+00
1.322442546566277688e+00
1.325727360451015802e+00
